high_0	-0.24209203525920786	-0.019332326208588824	0.3895992176087836	0.3945827195311923	2.2077219866252684	1.9535064356716751	2.4629717230041765	1.0340808338237264	0.07118740393079526
high_1	0.5430207916788495	-0.2410574744110855	0.09462379845288071	0.0032253565619534408	-0.16154026175336378	-0.036848864502022294	0.23826459484768192	0.490385928651763	0.3114753216741072
high_2	-0.9871400064710988	0.25204348257698383	3.2085627190723307	2.9437826172220913	3.7631011149214335	1.027462020417199	-0.4329819565358276	0.020434766614304878	0.23425803679187196
high_3	-0.18883750223934237	1.5854189099061275	2.942180669816644	0.15360329353746194	0.7718074931625681	0.1470474333891284	-0.11251593152947537	-0.18495551684571276	-0.4288726347492856
high_4	0.9193953807355474	0.1746701444890958	-0.21682145688788823	-0.24490979990668948	0.24117047109184198	-0.09821360631551579	-0.0907409132307565	-0.024619776212254307	0.01998288033826834
high_5	-0.19428953243888303	-0.1320384897942931	0.23097758539105284	-0.14708916162671082	0.37390713843530377	0.11511823840200874	-0.42860091937772304	0.08003755691665726	-0.3681129833035873
high_6	0.2116055819379984	0.02216797078517596	-0.46258367234060616	-0.10156484648233854	0.40185798528794037	2.5422446768197973	3.026411738757059	1.4558009766795466	0.32134303410886533
high_7	-0.11885125990762313	-0.22658851925916623	-0.6733067067876947	-0.10520277056023397	-0.12682772359795835	-0.983146807017428	-0.23407147233106096	-0.3499918459642467	-0.11043816659507077
high_8	-0.11695516357304336	-0.012298992795998998	1.3404434264636413	0.2125683310487526	0.3562634396606562	3.918726182900232	3.521320447506993	2.2322555702864055	1.5640659003479382
high_9	0.15842296809321932	2.115053379136578	0.3895605638250116	1.2136993015812547	1.0734692278996047	-0.1239881710754206	-0.04010784139790802	-0.1633415241429782	-1.3824133236566243
high_10	-0.13480354945909612	-0.25617332627665534	-0.35778195741775	-0.18395962617397765	0.16658532330039988	1.983436445719716	0.9043201072850403	0.7319573910572347	0.3839960484020649
high_11	-0.15728282019085726	0.031922304997387685	0.1669252673338134	0.271578390292636	0.22357144735850343	-0.34736637655742386	-0.7103402565423268	-0.03191607657249251	-0.03889836656111301
high_12	-1.2948699703775772	0.2502972914326925	2.4658230542310844	1.486241785161646	0.8200511046291693	-0.3227638594704517	0.20744797647737256	-0.12062434764397734	-0.09489656425959525
high_13	-0.17423373106588913	0.28782971723899	-0.05726132789497684	2.7192316205837437	-0.23817923418560427	0.21704874675964858	-0.033898851179103295	-0.1365633065399775	-0.0572812687791483
high_14	0.04257151680640947	0.05909638698340969	-0.3006711297143795	0.048196090184506546	0.45767089481250933	0.3119296012038829	-0.42444545605085915	-0.6013881565782778	0.12249351457965452
high_15	0.04448433083228365	-0.4100696665594862	1.022930779418378	0.03405093859417063	-0.2490844564626874	0.5809410795563258	-0.3252573729678859	-0.10310758411298637	0.16270324880651688
high_16	0.3452456532587732	0.017988829253822503	0.057216163804613474	0.7703815022346744	0.08680122150170055	0.5877804301416779	0.25090303984951545	0.020907599444574765	0.12073077789848663
high_17	-0.18672011737129723	0.08257782032257543	0.1415585471753863	-0.041970819364395395	0.4078680850420403	2.5616203060080083	2.132063894323117	1.2874065133809416	0.6529920124745742
high_18	0.0615052956093477	-1.4789842715897232	-0.2881488389215411	0.0036276263117015484	0.18131675989523954	1.4554718243017573	0.8509413195874954	-0.0622608536591146	-0.04898958993143354
high_19	0.13433094821476088	0.6654463151219675	1.3442692972477208	1.218264220416423	0.7013772698765101	-0.013431151323084811	-0.22275665766813846	-0.14207276326552554	-0.11392448773072361
high_20	0.06076118887500448	0.8550891668653199	0.9230266484421717	0.8765656681977015	-0.07400636842287811	-0.15459444851283288	-0.22441240901251847	-0.2128839320938155	-0.05562978732598045
high_21	-0.1935877082680969	-0.0651134894319284	1.2427288078463214	1.3094667399118909	0.8027165493970229	-0.15200254724501627	0.2765497585083102	-0.3932061338753833	-0.29371645832452253
high_22	-0.21848706283575348	-0.35814298225895447	0.508248810160009	0.2624960929768131	-0.4779236508266228	0.18040210774606769	0.23452156680281588	0.15087818782890816	-0.020972178049144197
high_23	0.10791230292645493	0.7513110360701175	3.4145996541795225	3.704277816563876	1.6080683898983978	0.7106605249181458	-0.06822087754886696	0.06231748689041494	-0.4019684502813513
high_24	0.1102661928938945	0.16628563307776345	0.706084908087291	0.67972536123385	2.1716446516470493	0.1511969141688324	-0.45954752677129507	-1.1193789178228282	0.14509890488063404
high_25	-0.05067082539479395	-0.5462381255625169	-0.35549202434133365	1.255928873445598	3.0948397791003575	-0.49623322321378305	0.9026669369229131	0.5662262544248199	0.18744228467432456
high_26	0.18630853605732567	-0.1042803466489447	0.6534725393864355	1.7831000561946682	0.7280106660370264	2.342409698403389	1.0088792922952945	-0.32220390052553183	0.018183643249243375
high_27	0.1265595095571458	-1.1490352556367696	-0.8105069757609152	0.02989297345555164	-0.8820737861024858	0.3903514624812209	0.6290759582324222	-0.6642768395638091	-0.0864593763681899
high_28	-0.06827052571590941	1.438018536490365	3.8369632750587868	3.208427467463926	4.221694818916885	0.6096446552145706	2.273729222224308	0.21471741057313365	-0.03847817929230446
high_29	-0.2549649733030769	-0.4001102769242214	0.7817390660529867	0.5762233203503252	1.0238923540208709	1.2143701314401443	1.1389028239517525	0.8373082914726618	-0.1761182776995417
high_30	-0.13567892400960468	-0.27843857443248277	0.8216782809368764	0.17723808853534584	1.515687204328	0.9344200960504777	1.284399043599136	0.04910905470176241	-0.5189966445264721
high_31	0.021459154335349617	-0.33773773873518687	-0.5722813169284441	-0.40869573426273165	4.206165701259458	3.1813485186092954	1.8590300388130605	2.1084478939254674	-0.1775586196767488
high_32	-0.11584024908451018	-0.38910797623063276	0.11204815349728448	0.5682354355216536	0.27992602929507593	2.180073162833559	1.7984688747546627	0.209397104347811	0.4200075133715965
high_33	0.09225001137553746	0.2312355075298923	0.3363152626441105	0.49237939545885345	1.1252728252627038	3.8043256435967696	2.030643452538023	0.34956196791757554	0.193158126551627
high_34	0.5311944090144408	0.25497265466019814	1.1589772936556373	1.9884684718362302	2.2322965204585867	0.712793353831002	0.40454556997145963	0.06319542729229843	0.2050409853989127
high_35	0.3473387802770086	1.4113183145370063	3.6643255723930745	3.6728211680542615	-0.0641028389009145	-0.4759555938988397	0.2686168990058372	-0.42412359488766904	-0.04452429648511147
high_36	-0.07324445948460168	0.06903306657223374	-0.16234270075136548	0.4293006803251972	2.278864671640243	2.528673548888387	0.9085440780818385	-0.05594650188845607	0.1758599764709775
high_37	2.4910138786791767	1.0662719135166765	2.157268297763665	0.1370343296684876	0.27509318152065954	0.012976933171760963	0.039137558787006754	0.08287894640191651	0.0022802122726682805
high_38	0.2591691145979814	1.0866182949130878	0.8915896558258917	0.9564444944760236	-0.11320274748362757	0.059928600425741885	0.01412509958387409	-0.2772310869645688	-0.15769834473637034
high_39	-0.23612341988619023	0.5587268339048072	-0.039655935466202386	0.05526627430851827	0.7606289022168037	0.3619697420720632	0.8783248935006794	0.24553005372356618	0.34046456140885584
high_40	0.23613029448406986	1.1933550309371186	1.1770140849573925	0.4836792072663135	0.3597532596665497	0.05924874549175263	-0.8378454105290268	-0.20057500067080924	0.12701095924199157
high_41	-0.08975192208970861	0.17731188556550903	0.4281924046027529	0.2956585814560141	0.25523771659139227	1.7862312738490727	0.5451940917533383	0.21052201716639962	-0.8176287048730971
high_42	0.021415097386154103	0.6783899554055784	1.01497769552835	4.1681046967613415	1.922250119620545	1.4030137594662269	0.6175866763433794	0.4609887923518544	0.18871339977218737
high_43	-0.3136041657379719	-0.002088877221639307	-0.8357789415945648	0.4661539308167596	1.7856421635888062	2.569846087397178	1.8181411398443346	0.09846480282198888	0.03878102667054473
high_44	0.9361991217950415	1.924928970099542	4.036285354707307	3.9466759972237546	2.052271070735632	0.3967308352362059	-0.11658564113218384	-0.32740953360704717	0.08607020556259626
high_45	-0.22076572199164823	1.6720559048630084	2.7114063335620853	-0.0803847862069661	0.3119924634074339	-0.36575485490379245	-2.0083072927851418	0.2854182788217253	-0.42241737091567566
high_46	-0.5676453595667595	0.04349319033489307	0.68855319769752	1.1432591038200433	0.7545495663385561	0.5820736484714241	0.17001521291614152	0.2020809631782653	-0.3611349199983044
high_47	0.6454953063397296	-0.11901130537571392	0.0815989245921781	0.007235622267285913	-0.07011212850107673	-0.14186387780186516	-0.29243195681895473	0.10341995373207935	-0.10091169958411628
high_48	0.9542514449183198	1.4331029640163284	2.896790241859146	2.2484927400189396	0.043812664596687534	0.08594858404499972	-0.20070921326375257	0.12754325284454604	-0.12577668902098382
high_49	0.3640125997586493	-0.34543461063630543	0.2297630195739574	0.9246623747764323	0.37185852921409224	0.07603799020654167	-0.47798628430200674	0.03669702443647138	-0.22065464789864764
high_50	0.6463183948866918	-0.6988596823206711	0.9063940565539236	1.849660272557991	3.696626938508722	2.1492333625320765	0.43130946949362203	-0.22387378651736556	0.11726818046495835
high_51	-0.02347787222431863	0.3662720347231764	-0.02943359876020979	1.3859627016610419	3.0431019574294997	1.8531615264607164	2.4608974948042976	0.06616414284669025	-0.16787313936590864
high_52	-0.31682498202904286	0.20428094810708297	-0.09791132340769637	-0.10246473130598177	-0.5992491132852175	-0.12985808004682597	1.136669901068164	0.32273234571556186	-0.49669711419581153
high_53	0.183842982534833	0.008227521314755237	1.8567370954462814	1.5726801615706942	1.0464813599276526	0.06386349595184149	-0.013835135470438131	-1.2857159613356326	-0.44381386832076275
high_54	-0.8165500391241179	-0.05470264061535024	0.4111077174939505	0.09571126754251102	0.25371393769103057	2.7199245595103307	2.8896000155892545	2.375228703755368	1.4192579598974011
high_55	-0.6462003774127248	0.16190719256718522	-0.1962232678515251	-0.26339214984140413	0.19405673871463913	2.71290298462683	1.2822547893474687	0.23858279898265133	-0.017697419562871963
high_56	-0.07539077407256956	-0.07382302830641352	0.7213738823377881	0.8422175698758251	0.09876194886338363	-0.39569242939806004	-0.3455554699138824	-0.23837654002162922	-0.100309715919502
high_57	-0.054143701895433494	0.09477156747178539	-0.0021585253943955385	0.4300650402402143	0.4202764527324222	-0.05837756580726905	0.16415861044688873	-0.13133555523971674	-0.09624631562797281
high_58	-0.8515383384977641	-0.3834811958286183	0.652934938197412	0.3882739181112923	0.7794291387488498	0.6270116891326444	0.08114511603370878	0.23475775797487108	-0.016452077466481696
high_59	-0.18943308598664588	0.015641339497904583	-0.1133371110349971	-0.24385278910492258	-1.7112497878861634	0.21478693625742606	0.3543604562919974	0.1843640739747917	0.562545312785416
high_60	0.7009359062331738	0.7073937835492764	0.4378634598943171	3.6861421375867045	2.074025116657699	-0.03094095315524592	0.23594974881613295	0.560274980376637	0.1183136567475499
high_61	-0.4564139051003989	0.014966999660205205	1.5399073125215001	0.753630785109913	0.9103684255712216	0.5705241617222653	-0.20950782618761943	0.03281153706245166	-0.21753801249709015
high_62	-0.02642847886985622	-0.9289680258523626	0.6456908589209759	1.709541023085937	1.0018825524731096	0.31436318039388367	-0.31948504217845064	-0.3874132766998709	-0.32727176946416436
high_63	-0.27814481002950353	0.1696055421973789	1.1909800443806104	1.096240274918188	0.829562481734485	0.2897960621673411	0.04429979577947363	-0.17242420338206388	-0.3162866002185861
high_64	-1.233611654581912E-4	-0.08277623937863632	0.36726332225913494	1.5017867236043076	0.3398833371552069	0.5340633207810926	-0.20921479336192517	0.1573677997045705	0.22452087382765795
high_65	0.006966069442228773	0.5614038409502508	0.7259192981314483	3.1385901131440863	1.6127326993962163	0.4877063937964673	0.23285378528675305	0.20613199170739682	0.25295063624008896
high_66	0.1555579462200397	-6.519792520792711E-4	-0.16309264593815642	0.1602834500875231	0.34409033169095926	0.03525863444498312	-0.019715622966964275	-0.34080773310735013	0.14776900161001516
high_67	0.2507302904577001	-0.3968267597333449	-0.4809119574785251	0.9046467481699839	1.2529313662625836	0.3573924354861907	0.1731583275418972	-0.16459869362067125	0.1869523220135113
high_68	0.8293855661347221	0.2791260003373429	1.2982752477338813	4.180159674979845	4.898237985275246	2.0310913735828806	0.5378977877142189	1.0657836779049163	-0.43612378649503236
high_69	-0.43538004603115643	-0.06378242193501948	-0.4705747099768537	-0.15083173086551172	0.186024552509077	-0.042798194226976505	0.0895902020516598	-0.10589955817451402	-0.0964177693795184
high_70	0.03909050762179922	-0.24185738246696908	-0.07308526554889327	-0.47459285689706776	-0.25998805006219194	0.1422039691415643	0.04678609356125796	0.06504565331459544	0.4791403587422126
high_71	-0.8860550174320808	-2.2321397849511313	0.30976434876274495	-0.40233345592251746	-0.082180299868582	-0.24630079635790325	-0.05926096562281147	-0.2175995259586928	-0.07207320304447096
high_72	-0.038381789291194734	0.14198898576926366	0.006745094190007017	1.1108978015024653	2.3715526230357864	0.4848314674916031	-0.01468153915613557	-0.05942833941881387	0.032270585037129096
high_73	0.004806231482458956	-0.054989241014410495	0.12536751958324877	0.18253974306369758	0.948274283858377	1.9776499001175112	0.6726651905609288	0.20617990531053343	0.4288041848297436
high_74	-0.6806371579527178	1.5569900854703858	1.2196226904234746	-2.3096831998674854	3.7196076132838845	1.5208569562732	-0.27835784234197136	0.26401274709651246	0.13011254748473944
high_75	-0.10301396414933206	-0.3991896035121364	1.4501741435759237	0.20718694778324187	0.4891406213743782	0.3963724462042114	0.45494516039046273	-0.07931144251390643	-0.16946714276493002
high_76	0.014616226471457439	0.09538455159267445	0.13203958226196877	0.5095647772388047	0.3057493871781475	0.5525998010983685	0.3463695526393883	0.058296376506858594	-0.37930741278880065
high_77	0.06302930771609339	-0.08959697701056102	-0.6352158068794592	-0.01683734386642699	0.1398574406839993	1.5667489247401414	0.17186680372716678	0.4984598022999768	0.6930768759276381
high_78	3.1349563266930054	3.6376406235335854	5.551909359138266	5.155838943832484	2.939963069937933	-0.033022017288378946	-0.32089588901673005	-1.6606682862724855	-0.18230972728548556
high_79	3.0911291552457407	3.1710093996744395	2.942159492486303	2.75716678789478	0.0037393006695817244	-0.06068199032102173	0.02005478254350257	-0.023967034091031514	-0.08704605504039564
high_80	0.06082106745287297	-0.2828776501057101	0.002185629476024631	0.6811478652334705	0.1679752690842019	-0.07429102829428957	0.020133231439026233	-0.39232879252170194	-0.6524004901321833
high_81	0.46035287797791347	0.747067677996983	0.2948873622231464	0.4343482036612555	0.08313007918307014	-0.5206314587234372	-0.3187288450249802	-0.16104919533654838	-0.07512271682793192
high_82	-0.21257111575765586	-0.13819645732991803	0.46130401824275735	0.5192099389083561	0.4432374239917186	0.31690852966226546	0.10635835598668975	-0.1739274100258269	0.014462716043441959
high_83	-0.1415785141042608	0.09754609409179749	1.8329901617899798	3.0575367507472833	0.8330381431014301	0.2663250874978479	0.11785201248925203	0.20870140404612825	-1.1492965043774759
high_84	0.26507072414469735	4.086513375823544	4.118908627923227	5.165582850710584	1.0207334323078965	0.0648175419499003	-0.37674457356993274	0.03437395757217898	0.08047569388420384
high_85	-0.9116218428547812	-0.7566439401586406	-2.180369723797472	1.9202927912932215	1.1484616615022358	4.592769728647478	2.996924628870113	-0.08645291309579883	0.11814422770466904
high_86	-0.37053477666457846	-0.060485228769262434	-0.01934719274610186	1.3245695544802154	2.9124882886482433	4.293562177081781	3.6360680799191294	4.120811247309855	0.5805559453984076
high_87	-0.02632636728806348	-0.01010647122538566	3.1981427331980767	2.9168087691534894	1.2060722436282316	0.028324038188593748	0.5229498022053006	-0.06386091069637112	-0.36920315927503233
high_88	-0.25866165747800574	0.29565858145601587	0.8534140339754194	2.410719406350123	3.9665321886336407	2.963800362350977	-0.08728371389850886	0.2652849324124956	0.14960460534451647
high_89	0.08784988978914898	-0.060600463454320574	-0.3881562173851142	0.40870804055648746	-0.11435210074799629	-0.3499918459642467	0.08625893451997657	0.11886330634948872	0.14858287393034486
high_90	0.6879760042347739	1.401608055905291	-0.15520474024390063	0.9143362082347407	2.565735197433195	1.0199367055919537	-0.09854844118694517	0.6269556388499625	0.2322965204585833
high_91	0.8723449124468564	2.8353259209587685	1.0845418289403939	1.429268965540777	0.5223153787060039	0.40791378997926364	-0.056400849813774356	0.16100406852001792	0.8907694698086589
high_92	-0.39606616825007757	0.15703137156787472	-0.24540294468704837	0.3366144171657949	-0.1351856542077451	-0.6507811737934576	0.18140336819298553	-0.0062787541013523684	-0.11248552866472339
high_93	0.1893639136080868	0.4377532379488903	1.1141726107820245	2.211955729173726	2.0687487504582314	0.6736207112577054	0.21903729985310305	-0.3095725167711295	-0.6679916742546842
high_94	0.10965550277302738	0.4800831525934429	-0.31375315565142914	3.183108089020726	1.9974823695019635	0.4046038993407898	0.8307515734138301	0.3474284842723444	0.2171223498942917
high_95	0.004806231482458956	-0.26433015795506376	-0.16612424111508284	-0.05316816799912283	0.47702681000366864	-0.31491024789945443	-0.1932608151013605	0.012043436531526397	-0.06288259037977217
high_96	-0.005052837958359091	-0.4897490157928205	1.00120867945085	2.9343599155564513	3.788994608806503	2.049934994687708	-0.30435100907481905	-0.28399127041642147	-0.2669361062366876
high_97	-0.48391857910368274	0.08593224048535186	-0.22941423773784686	0.15922605685640134	0.20254917706453368	0.5052305129925104	0.17937533934650196	-0.18952717377099704	-0.01241144278615225
high_98	-0.17638921591302947	0.051838327830614817	-0.4300080687957356	3.680318500379736	0.5576026781832072	0.8193721117581522	0.49341641599799557	-0.014035434323601215	-0.9064632245628571
high_99	0.10126584122735294	0.06379710711733877	-0.10962807894499649	1.7810109488682504	1.5370423963752242	-0.27461003412210816	0.40900005453195887	0.08958380426257373	-0.1352696706185691
range_0	-0.12771159001060395	0.12207659835097451	-0.17139982806539444	0.20523574736376793	1.8513545828109916	0.26373106223799925	0.8937110816176178	0.1809439726175276	0.33010857422068496
range_1	0.1105034083409443	-0.02945833314863522	0.4996026033128663	0.3850543589069245	0.24082377456543702	1.0419192780256403	0.8914204830296951	-0.16496587731018886	-0.056718392426558295
range_2	-0.07095774785013498	-0.07967651288029243	1.7039190641541464	1.4908902491229807	0.40849107762038683	0.23988156170824182	-0.6031545987755503	0.0233463620342077	0.13270145883520856
range_3	1.2874380746510465	0.6127089162700555	1.0201456725630398	0.9076786841087353	0.3105891983204311	-0.19981554926085943	-0.2712523249860789	-0.09576070351679122	-0.5024362795627771
range_4	-0.49587137343990706	-0.1964288712580119	-0.464117964775855	0.5579693828861828	1.2174797883915764	2.778485057294103	2.5076766287934453	0.15769494128027317	0.07016654154602853
range_5	-0.046271369549561014	4.279087891849685	3.3917747344657827	3.170355185163761	3.125875474807185	0.5232211159814716	0.25992384352527387	0.13978281821348004	0.022200584724415884
range_6	-0.020236553163540782	0.4358347506172576	1.8619338864633295	1.797747421161557	2.8912567683133754	0.19109915632099528	-0.7640984047814502	-1.0036966141815316	0.003137632462106965
range_7	0.18370311616853086	-0.0541622308865376	-0.10155157229527167	-0.31938773473304527	0.24854265293036149	0.03607547645658171	0.37594613384934894	0.1453684331898556	-0.14480856953245735
range_8	-0.3010967078627361	0.4217916079773302	0.012427142145162606	0.1259667515434325	-0.2115208862806316	1.7443844298987483	0.43445390873830425	0.09122696941502062	0.12552484573690192
range_9	-0.22084576289208557	0.14340102062394122	-0.327965539634245	0.589286658708852	2.2718427777119348	3.9836689074663156	2.567589625273549	0.5435860948995993	1.0781398312976482
range_10	0.007533194659388287	-0.17145738367533292	-0.16269008909616056	0.5098304959874943	-0.11781840383521514	0.8832706605911179	0.3799223678078937	-0.09848249201104176	0.10041208839578053
range_11	-0.030920732490312353	-0.047591343219483107	0.03681197258565361	0.25148740505337897	0.9913537027503564	0.1692291038645065	0.1658361853656226	0.11249657068823782	-0.09383248595769567
range_12	0.052122584299115204	0.004760795846178056	0.5450456864852345	0.708618437811993	1.9425071200934352	0.513972475799959	-0.08689552713235071	-1.099139599684857	-0.11493301279163448
range_13	-0.01065034666100162	0.1712352685747588	-0.27723234576364797	0.06314770785699386	-0.13066698957291167	-0.14316154904489176	0.016833055075535897	-0.1086615906175451	0.012365336638421653
range_14	-0.5215760713282472	-0.22379960285868827	0.7534777651121077	-0.06221404268601327	-0.26355400383510597	-0.11392448773072361	1.3043095157299622	0.7220449310944389	-0.16912694601448963
range_15	2.027832363987493	3.4102984483871883	1.5688377668364173	1.546388606282218	0.4735987023664917	-1.7978114065572952	0.5368458293823087	-0.08989565918896625	0.36782869893525627
range_16	-0.08967369629680932	0.018613670396298354	1.1598192320820746	2.3230715228929086	3.0703724394274023	3.405696740333037	3.66057860574437	0.2696669646646802	-0.3093057753833536
range_17	2.3257250307930204	2.5689308703992606	1.6032530832022425	1.8424669984796425	1.3264578477225952	-0.7644549096229601	-0.17237810884015603	-0.06888528245491743	-0.01369101729032296
range_18	-0.07447950630890021	-0.3354115306720148	0.2581598876653205	-0.23237195874070815	0.2804193984746478	0.23801166594797307	0.28214522140182885	0.08486057038613615	-0.02071039419717946
range_19	-0.2828776501057101	0.04685999297839738	-0.10856831060137073	1.3855791661302068	0.7808912764464525	-0.27655465222298525	-0.2928158871618288	0.1874948516023297	0.10272412181245161
range_20	0.09661573231546561	-0.021381566066760782	-0.2589384858675249	-0.5818637639919787	0.16190719256718522	0.33591024511647183	1.4284562406763128	0.24319217309285313	0.20049259077059622
range_21	-0.1982270505232323	-0.29598759993960433	-0.022990231567612596	0.20581319438642665	0.6803248551746451	0.6029456151769775	0.37256859418007837	0.28376553544028715	0.21781593371784125
range_22	0.11704029095285817	0.27343541265439575	-0.08728528811297609	0.3066163500190525	-0.021366309470672085	3.566896480039665	2.211460230971927	1.774057075868082	1.104574017501236
range_23	0.6067619024517837	1.5859246608965578	0.3090949801235935	0.5120323344563898	0.5515220949661247	0.1541672318129047	-0.3168249820290464	0.03262417562222153	-0.12316172490951993
range_24	0.07389611074749303	0.07298191323836234	0.018439685679972784	-0.060485228769262434	-0.46150272819280624	0.3621184769296498	-0.1226069406770568	0.1060726589906521	0.22834497761718764
range_25	0.24708757314103436	-0.5061769476128711	0.047072485832230115	0.07795194871697098	-0.02131463148858559	-0.11795866877537386	0.1342431636736242	-0.08145265823269321	-0.2531303067116569
range_26	0.020733117725778905	0.3514761570187851	-0.2541522364015142	0.22548598834169076	-0.06048522876926066	-0.18901622045123057	-0.6239145679407757	0.02105991498027804	0.001055342590544961
range_27	0.17455991003252846	0.01889061908042644	-0.10645108272144144	-0.030403115579271556	0.008936172188218294	0.13491046018916875	0.2242442481638497	0.12874337776666123	0.17870243511016481
range_28	0.2701331414040121	0.3966163300761286	0.2120599819458976	-0.11668084754235808	1.3989463898680374	2.0952427744107855	3.419710534613961	1.0005013025660738	-0.09365209270445918
range_29	-0.13016120284041344	-0.17952065756198932	-1.72345024149169	0.1719608572311101	0.6038297264228621	-0.5390830674975516	0.3044489560865197	-0.30259643684967885	-0.12816275470001803
range_30	-0.06711483907200166	-0.2945482411231234	-0.09640270683184171	-0.6641850821997485	-0.4773991688603697	-0.44781579887826284	-0.6407644989063938	-0.4324205821975292	-0.03402034469232207
range_31	-0.2542913982595477	0.06722272773623283	3.174332922506409	2.6178784540854765	0.42584247268119546	0.33089941312040294	-0.053395803982943746	-0.22350874113160246	-0.45012141881404355
range_32	-0.02201108095462645	0.2797317853755429	0.3608660444417856	-0.06997302286555696	0.5972825798882871	0.3284132586227472	0.4459268886983502	0.2906949174500616	0.4691703505837014
range_33	0.6039026314577361	1.00165812100617	1.0452689224243668	1.4512674249981221	2.825696877752042	2.8578644822143198	-0.22916706336094295	-0.19321829528399215	-0.09204639919105462
range_34	0.6053062422934984	-0.33826621997223627	-0.8784863779303022	0.571873233195929	0.7233813403659722	4.0993403773835375	3.469576302179584	1.728398270889215	0.35652964767673156
range_35	-0.10842196677051186	-0.07982803106218872	-0.656816346044088	0.11884859289761762	1.6819026403288118	-0.22490799806637207	0.3272714059433929	0.047067912385543864	-0.2230524889176232
range_36	-0.29267140872304453	0.3510466672015481	-0.7908781690119818	0.12992622890828065	-0.03449002023631864	-0.029104475522617412	-0.3245047456286224	-0.09443256069259875	-0.2510639014299135
range_37	0.05775839684185746	0.59506923978195	0.13869474095732015	0.026226404424069316	1.246403466653963	0.27024813283613247	0.05273553210285409	-0.5051897977393075	0.286334041659814
range_38	-0.62449407991518	0.19803009985574394	-0.5307424608506798	0.7943490077909173	0.28165252547884256	0.5370208582116961	0.02524464525662451	0.21321458562190065	0.15427825113565385
range_39	0.1624537714867339	0.26839343094050483	-0.5448707747388409	0.22012180651248292	0.6507965620644877	0.3218860815892596	0.8158066247536985	0.4696319046391638	-0.13130656595895596
range_40	0.15524346228617658	0.5655307271189015	-2.3824133236566243	0.19853712911174048	0.024787321078637903	-0.05960386621409375	-0.07645883986147017	-0.15207638517233713	0.3010648719811183
range_41	-0.13491006989581444	0.05856744287450566	2.355770248666254	0.25648798417533725	0.14165980345315765	-0.9048343583090664	0.15827706506128136	-0.31085085260732315	0.13488706421918784
range_42	-0.18061431839601327	-0.24907954343501204	-0.29026290057415716	0.19760843579426413	-0.6808800542081842	-0.24742464000392894	0.03262417562222153	0.065045653314599	-0.26756322862904136
range_43	-0.14498150285603317	0.06642688371295746	-0.02604050047313622	0.4454272656435171	0.2712395147851071	0.39922131984330866	0.3412337856457933	-0.4054442923119618	-1.4930804818032883
range_44	0.10597591736947953	-0.3931597051206216	-0.426718431895892	-0.045873717998943575	0.4256347210694825	-0.3235196346030532	-0.6454477294904167	0.00129096881742774	-0.42621400387006536
range_45	-0.7449834030413344	0.13192270032064235	-0.26515860129433244	-0.10858093248537448	0.5547463717737534	0.7533634553738443	0.38550086976585496	0.3774163788613235	-0.446279789672006
range_46	0.11323334583150013	-0.17179006377535566	-0.04480360653699067	-0.21501556353668094	1.656281912592704	0.9922076650709292	0.8939474221360127	1.2293687746640711	-0.23393674147834653
range_47	0.018052231861762302	0.1831545903329591	0.19541299578290305	-0.6900106747269094	-0.06048522876925888	0.13468842458164654	-0.23422184416159142	-0.030481574087122154	0.004792488453870036
range_48	-0.08108563382920886	2.039861097984114	1.9347052263064621	1.2846081501640367	1.6095790977420106	-0.2785473966069757	-0.16219363745815973	0.024230258245133585	0.02284315482963406
range_49	-0.09004502649637425	-0.4418370772210153	0.14777921907009584	-0.2522036210738262	-0.02668158629698192	-0.28075873213453073	-0.5332382259043941	-0.12085573966752816	-0.17665450585157172
range_50	-0.053447678029326595	-0.13174391193908208	-0.3728695509857539	-0.47218482993442323	-1.281035126701782	0.06706306443531551	-0.37381582192276175	0.09087750937341854	0.15430758222219743
range_51	0.08699353312500213	-0.029639261816505225	-0.4250709471114641	-0.4171787418173002	-0.49316419216221463	-0.3082898996292517	-0.27997730639765306	-0.07347284421726152	-0.19554398421838515
range_52	0.03887166038262235	0.6026198619793549	0.7126343237692773	0.510526568238134	2.1765678461758697	1.1521922278719425	-0.29337002392335465	0.4673603011535322	-0.09368274753212302
range_53	-0.24616055557449934	-0.3933782067787467	-0.2791548745042757	0.3100813241663355	2.2584024117980506	0.3146307984371953	-0.2892415495868347	-0.21274319281667198	-0.49304987167795067
range_54	0.7269002564368622	-2.934954346685401	1.5567336527292608	-0.38219634440383865	0.3187685109652426	-0.40830159533567334	-0.6194055107896158	-0.83586359394604	0.03262417562222153
range_55	-2.289303919265144	0.3665249121756565	0.16813914627870175	0.4345447666903818	0.7248579986738944	-0.4815258460849877	-0.3355245869467195	-0.42848046414374463	0.14771468870121007
range_56	-0.06529025423123203	-0.14097710322150936	-0.30178562031499945	2.485238377211909	0.5271830223579782	0.33379371034278604	-1.0877091207804503	0.10272642858661618	0.014560376944000475
range_57	1.022836444109665	0.028550909658300427	0.05570059461771193	0.052900937391253344	1.1510188764244522	0.5443768293896026	0.06220804123792567	0.14356115679314618	-0.06299650541301227
range_58	0.09663949834559793	-0.02506317455842877	0.238038261783157	-0.15907952436151473	0.44376050167755887	-0.5246406715633037	0.09307070026603859	0.2199312552927678	0.012153828669410616
range_59	0.004353968438807088	1.5455289734467148	0.6986225787761674	1.210909523157492	2.8626102386957393	-0.4081414333583856	-0.025853405585265832	-0.4098084469282822	0.23896865572679948
range_60	1.3408972464501123	-0.07373064955705055	-0.06901350015064567	-0.04583605820093195	-0.08494501205083027	-0.24402323025890504	0.07703142939199259	-0.6599472991855316	0.19765263081766238
range_61	0.34404106911912147	0.23227065756089582	0.14567965503266633	-0.3866222072161628	0.5328895117680977	-0.45587067058738506	0.3961047599540889	0.09151786467578715	0.16513927313890664
range_62	-0.08857753579861283	-0.040493753581791636	-0.2345395058136267	1.200812036528474	0.7893370367613658	0.41020481037724343	-0.2063440380664584	-0.33350372317567734	-0.35980593685312934
range_63	-0.03449002023631864	-0.1052731505160972	0.2192363059974115	0.005942132969711467	0.1646656925297526	0.7764271998419799	-0.751381174239483	-0.03243566103620876	-0.023905641957360557
range_64	0.12135309421655249	-0.24268855999000694	-0.13564590745884375	0.006401792912458348	-0.2562721354881091	0.3574155760230605	-0.14356697026381526	0.022336438185200813	-0.49420362245857896
range_65	0.3743803706854788	0.9449270340159593	0.3320448711000138	0.4918994820127681	0.5747504784331211	-0.09548065012546603	-0.24490979990668948	-0.1369833662433061	0.10470185366638829
range_66	-0.03765778769029848	0.4509715501587911	-0.08881980670563683	0.8816057231241509	0.7427757861595646	0.46054296619779633	-0.0785373956779244	0.14990384021405811	-0.3521833928552004
range_67	-0.2774765627007264	-0.3028460663383038	-0.16213863933705353	0.10691086492829316	1.1871191364949287	2.3909116363832807	-1.0080178088751235	-0.5353178198432053	-0.00534367457680085
range_68	-0.021867539227055643	0.06329131186916348	-0.10499805896662318	0.21637735026694183	-0.46434249575208086	-0.1129983485407452	0.0620679535147014	-0.23557193532734944	0.029431407907355323
range_69	-0.7043414185439859	0.0483776646979962	-0.530195634180774	-0.13523200595538165	0.23413552012236905	-0.3665946935766863	0.39936223146239025	-0.18347961557081527	0.048449142783905885
range_70	0.703134011615188	-0.02180499740348496	0.011718896405644608	-1.4645131136672052	-0.6594545874842991	-0.5122466127071087	-0.12150959955964724	-0.5775706444723857	-0.6223641163773775
range_71	-0.2670236989048712	-0.1819794605852788	-0.17497124378614914	-0.5440024659308692	-0.09359902984055368	-1.0013579238070114	-0.616489208348637	0.30167999722682437	-0.4109824758533941
range_72	-0.6315062887984982	0.3705297953665744	0.08927630591138913	0.16533922194587947	-0.2642121304496582	-0.06797976531618433	0.22513586213177617	-1.6089218534653038	0.23351307820691203
range_73	-0.22746452978710197	-0.19558194654565353	-0.4141524458201825	-0.4819664842081911	-0.4708515554703453	-0.1522056337995087	0.007316764690970978	0.08305439705103768	-0.25693535281092783
range_74	0.2905355758660685	0.1146970974959386	-0.2330343791834787	-0.2727142051781092	-0.24548675071401005	0.024760430942949108	-0.017840891360767386	0.180522870734532	-0.14583546890861976
range_75	-0.3019854285292908	-0.44315818066510404	0.1216417813076559	0.14084557703935785	-0.1967509188603399	-0.10589880248128247	0.044240614175734216	0.25438810858414895	-0.41427022256838464
range_76	-0.0918331727568974	0.18300899066888887	0.08298737324466521	-0.2696032064845534	0.011068032255773574	0.22786026559371975	0.09845391188616459	0.19604164454701734	0.13681621160435553
range_77	-0.7339636734587062	-1.4649200100990627	0.05822854646551667	-0.9829174768183234	0.012498579051958836	-0.03700781518496521	-0.044343017949377894	-0.13589512941637005	-0.11425648521024045
range_78	-0.2329524247740261	-0.18247575314787257	-0.00543210694211671	-0.149010670220464	-0.21488351918668902	0.07874999298791663	0.15818573735266617	-0.08823469595490463	-0.40046587674753853
range_79	-0.12818579182321999	1.4310209506258311	1.3054127621566196	1.6748905490094441	1.0336446551213911	0.49283164533543256	-0.16926157468659342	0.1805139054495536	0.19971786632472865
range_80	-0.2534488879298843	0.5487248181985726	0.4603469345321797	-0.35878842773465125	0.1427864443959509	-0.050059276140769327	0.6272368463770986	-0.6310969085386725	0.4159528151737254
range_81	0.18874337753950654	-0.37242923508400183	0.023579036019211075	0.1333380403704153	-0.09795993418792237	0.2972150693083885	0.15746128753599875	0.21891364697083093	0.38586780084282124
range_82	0.06414789648379104	-0.4977899816003232	-0.3374851918950531	0.16186895420833258	0.2466814880489997	-0.14492642505857256	-0.01929718255423596	-0.3254848911198879	0.08045737894744731
range_83	-0.041237344175982016	-0.21166650787087826	0.2722496210746842	0.030937798994337684	-0.006646208488987226	-0.03717785527719231	-0.0014308027046746608	-0.1697142985240182	0.024345072277658475
range_84	-0.14075256861539687	-0.7368057798071858	0.31802639448447023	0.01961657844133724	0.013753401522658693	1.0049802061439626	0.14025115707925961	0.34244748933686575	0.3331786197170109
range_85	-0.12373082678381075	0.03769516516964144	-0.16835538558569973	-0.1996479764408855	0.13172058344123327	-0.26574330332385665	-0.07060944604297192	-0.03774222238364311	0.10568660636740257
range_86	-0.01462965380797987	-0.109947383488738	0.15698102125917457	0.16958338884282276	0.4015497500467552	-0.15150940246465738	0.2514030921611182	-0.17941470236195955	-0.06048522876925888
range_87	-0.24085378201293872	0.1355149554315146	-0.10474851855802514	0.21671123038597406	-0.004765755307438169	0.26144286611810286	-0.20227612038820142	-0.18719571933295798	-0.09708032616758755
range_88	-0.40840853218956796	0.02614235811218768	-0.20112513138695698	0.09501584071418245	-1.763967328140843	0.8687843295885097	-0.6078445573958303	-0.03989112874350498	0.13300809603033736
range_89	-0.2330686801674643	-0.38963084510638646	-0.6699007732149548	0.37707569592297185	0.014025048861017297	-0.23040827289457988	-0.048708060992907476	-0.16740043268577354	0.06462519315136961
range_90	-1.0499891537747117	0.22081370825619884	0.1024533423569457	-0.06696926233945832	-0.01512301071221811	-0.17138583014658193	-0.0430458589311703	-0.1943236556047715	-0.03317788277352507
range_91	0.009129618935068806	0.13262940004493962	-0.08592533855735895	0.11103565640939517	0.25838695426917513	0.0784483579170866	-0.17987937196746573	-0.5578194049268775	0.028051445832396937
range_92	-0.20033808246825868	-0.08252343552511598	0.06196959761035503	-0.3747960070974615	-1.2325622767752136	0.7939245795883979	0.12996422205076608	0.1610397538953633	0.1697494325662069
range_93	0.20415192937262072	0.3533213019699796	0.28854372935394734	1.914223466571245	-0.08752188580960796	-0.5495233094918811	0.09563397314802258	-2.751065829603099	0.32335764890598695
range_94	-0.20041548991373703	-0.2571528370455608	-0.05664360351744191	-0.7550722206649135	0.10776085053536966	-0.23182855629634191	0.45122828992125774	-0.1860800715912022	-0.3824133236566224
range_95	-0.16042666664316785	0.21224219917829734	0.07147244282405973	0.2720901103176102	0.1269937693753912	0.0926310770533082	-0.021248199757716413	-0.003182440000908726	-0.11691683136821529
range_96	0.3221307928172058	0.17527018039570896	0.08803729594082965	-0.23947445825113733	-0.1801077273886177	0.07548930841121104	-0.26647788898369507	-0.1226069406770568	-0.14794807001960153
range_97	0.06199877775573681	-0.022908378903523263	0.03083252163396255	0.051551028017477685	-0.10779094354761776	0.1599965649295575	-0.04561155707223408	-0.603278275246477	0.005413343273149018
range_98	0.5385967846273557	-0.37767540464996274	0.3620528719849846	0.05458627323164278	-0.06497261976157398	-0.18688494258120814	0.10403226192155002	0.05888686043582203	-0.3152755732087694
range_99	0.3095264347027783	0.12512235095771784	0.17435228523388224	0.1731482606239757	-0.06297406684645368	-0.02571981060858286	0.006628967089275961	-0.036660365554678775	-0.3957717065116414
controlhigh_0	2.800328086852145	0.21350403971623477	-0.23041023021157458	0.08965512065859882	-0.17465624868857377	0.5460827862367795	0.10126584122735294	1.1567408498354523	0.3467538999491767
controlhigh_1	-0.3842736909343557	0.11213034580402559	-0.044207356052011426	-0.14839563623857932	-0.0753237377448931	-0.10799731989392602	0.06783886820627727	0.14074904922628362	-0.20751501997713662
controlhigh_2	-0.27267681837326874	-0.38170922646021965	3.4515324299475734	4.38192324202572	2.8099571791575326	2.6081032612960464	1.6186250872761856	-0.23526943067785966	-0.1445462144443196
controlhigh_3	0.13317334923578417	0.13361580378561355	-0.2813614176583291	-0.05077465882246146	0.5555512434344886	0.1416200056279836	0.23452156680281588	0.2584024117980489	0.20220069856806921
controlhigh_4	0.22545648609312574	0.481081997391995	-0.2532041277925211	-0.10872418074500378	0.15250849456493987	-0.22094990096250855	-0.04384636732646674	0.052995750187584734	0.2044539713987389
controlhigh_5	-0.09427354222554685	-0.014376945810960051	0.06165187371878622	-0.276046469281367	0.08898459793026581	-0.17222589377719844	-0.2007815168193895	-0.21764862188325063	-0.21505063898088517
controlhigh_6	0.12098477361645854	-0.029371198355368278	0.060358137577970816	-0.06635376776159096	-0.027431333963929716	-0.2822439474877084	-0.15038931665246247	0.243693052760953	-0.10830054279025825
controlhigh_7	-0.16857670492324706	-0.2468790103727091	0.11567172638456624	-0.24165498737919877	-0.04007901810742298	0.0902604574759499	0.0016202731729683117	-0.18466463998998905	-0.07083459195261932
controlhigh_8	-0.2390510506154525	-0.12519091815707684	-1.5965381290094736	-0.17604169462010721	-0.04002112620954479	0.33093971328763117	0.010567791368565005	-0.1408493381770478	0.3372058538180852
controlhigh_9	-0.08776883041158834	0.017392185027651608	0.09137830360360655	-0.3303002533914169	-0.315072658478066	-0.6342204740671592	-0.4233319440999347	-0.579859387862839	-0.36623907168308845
controlhigh_10	-0.07797265549810406	-0.33793869451602043	0.38882217259432805	0.15291840933993284	-0.4993694700024699	0.1620882110891989	-0.29520845201642787	-0.3929896092430821	-0.39390896249445306
controlhigh_11	-0.16832452896301164	-0.2495118857662456	-0.047100288112438604	-0.13249647368464623	-0.7492922085738408	-0.2692066254369164	0.11763692563967132	-0.07456041398098578	-0.5325536730844819
controlhigh_12	-0.24108062594977875	0.24763706659307216	-0.41412218338396245	-0.3698770139965054	-0.18499977052162586	-0.004930093320403173	-0.39464207653352756	-0.30088226793604933	-0.11111130183922968
controlhigh_13	-0.20005297873911176	-0.023262764813062886	-0.3642420959639988	0.2967925007410731	-0.0976838467235156	0.10977863962293599	-0.0021256012211740005	-0.4182939416227306	-0.007624793385701323
controlhigh_14	0.20254917706453013	-0.53594860134698	0.020729464815902987	-0.09467413049689666	0.26426087739011506	-0.38241332365662417	0.048187930329297246	-0.21715320356621193	0.23939676009084343
controlhigh_15	-0.07007127759845788	-0.22840243964370666	-0.29044050855540726	-0.09304673753570236	-0.11047336460093982	-0.6527487184785444	0.3797013197017597	-0.1384877407705355	0.34005270081446837
controlhigh_16	0.02073947122361164	0.023172700277648617	-0.32951837522449823	-0.19614032812682625	0.04657717390716398	-0.7957722944844713	-0.16034210606324473	-0.10651375981366706	0.1388794178673104
controlhigh_17	-0.06298001022984978	-0.3762610966750296	-0.127435472693889	-0.12470941150233672	-0.3265581299081143	-0.32813626267342444	-1.703186338200387	-0.19019314720847313	-0.3505428083696044
controlhigh_18	0.5244772719518954	-0.1430305371117896	-0.6869089036377746	0.1873427509743012	-0.5794022752210614	-0.3443060239984769	0.08188721644274344	-0.08669115838174812	0.1716882133597727
controlhigh_19	1.0465769714325543	1.4823462041020101	1.6450511563460215	1.1639463378407826	2.2122242381023125	-1.3815805190379193	-0.40417685000664105	-0.3284184340158939	0.1111826334976046
controlhigh_20	-0.4996130782761282	0.21351520236399024	0.4142355070457594	0.005905689097467914	0.07701829498067403	0.13830303583705172	-0.07081983368957834	0.15184787146905043	-0.10882685523759006
controlhigh_21	-0.14390123695689938	-0.33188058963763056	-1.8031986423543809	-0.8518986069578419	-0.5952619723222016	-0.5552499205188391	-0.35531966277434657	-0.343109601595453	-0.019262566042747564
controlhigh_22	-0.23041023021157458	0.23215130326734335	-0.5545942990393046	0.4960479053915622	1.5007913332068328	0.8320623955349143	1.4454353725445048	0.08609934319778623	-0.3656858270417199
controlhigh_23	-0.4555955164071376	-0.6885164513823051	-0.050105948685862045	-0.29109815691067753	-0.3004854445946824	0.07353211920242642	0.8540579952503992	0.5638688164655316	0.3206049385862434
controlhigh_24	-0.2010481705802286	-0.20767962713673815	-0.37500994623519934	0.07799196926746765	0.0742914505651916	0.10966292010198642	0.20431878907198053	-0.3252402559559785	-0.19906780645198852
controlhigh_25	-0.5303712050437243	0.0024460269571987547	-0.4230553081539691	-0.17801104489567832	-0.001405996015236055	-0.02001011663817509	-0.18458618272119087	0.12038868715837359	-0.04030682486259651
controlhigh_26	0.06511925644924033	0.6313924758684065	0.40648006255344227	0.010053764046894842	-0.5882228607974648	-0.015728650538741618	-0.22684361519138052	0.21103260264764823	0.02937740977623149
controlhigh_27	-0.025167741323787296	0.237738605526833	0.12924073720523188	-0.060306813887131105	0.14348323620001635	-0.1419321456416277	-0.16322333435851932	-0.29274380322893856	0.04860762845261901
controlhigh_28	0.030393152130570145	-0.06419395842321884	-0.16435582654121228	-0.1726204772224248	0.23434920523582703	0.25256191402690276	0.3726432715516875	0.085270521912722	-0.1438175024657088
controlhigh_29	-0.011233087765332939	-0.48787451031387385	-0.05304990210243099	0.023579036019211075	-0.3178730714619137	0.1052793194174525	-0.403786974449193	0.03352333117696438	0.19890140004939083
controlhigh_30	0.2121731193611721	-0.49054633437663975	-0.02669691531297802	0.8276101567324657	0.020399199220384134	0.711622171517203	0.14378136513559048	0.19149398855553967	0.10681202459250072
controlhigh_31	0.09368570135849963	-0.4696936492459075	-0.2324717442392904	-0.29678325213092493	0.017988829253822503	0.17072516338161103	0.04208450487128401	-0.5311150540114221	-0.03851482893365643
controlhigh_32	-0.3615269185128648	-0.34758333949352094	-0.15729368971052204	-0.10869146523077633	0.23082831920112545	-0.3698132868769862	0.21775404867586856	0.5192540261953363	0.4351698601057118
controlhigh_33	-0.22611489908703797	-0.09187298500298124	-0.14632554496660732	0.14829196797658517	-0.33269846675856873	0.07816961039362946	-0.17994080810336877	-0.019843244271913973	-0.3559663320002432
controlhigh_34	-0.33375369199565286	-0.2929313147696314	0.2971499594646604	-0.07583950731541067	0.04946855519720528	-0.14083664236542626	-0.12290561000052358	0.004586376454927099	-0.30927338474919297
controlhigh_35	0.27823370361316313	-0.02805376671722415	0.38695019361264615	0.27012105380003837	0.15269650987659988	0.08360810434102695	0.14029689861147487	-0.057062463128472074	0.03451349525466141
controlhigh_36	0.04214968344053871	-0.05447399073540227	-0.09887189390437923	-0.36091504056361623	-0.012984805165330626	-0.23736299085333756	0.04026336974328848	-0.6196119361631108	-0.021859825192589333
controlhigh_37	0.18331783384548095	-1.0694461827678938	-0.08094933132897653	-0.23817709030316736	-0.03623768252258175	0.21159431666754058	-0.1144335536455644	-0.2789087479027609	0.1643231285471659
controlhigh_38	-0.5127591355602726	0.06286240002555898	-0.02924280779182753	0.5564864132346822	-0.23545722571443262	-0.4083566944891087	-1.4990846841051169	-0.8969864964863804	0.13854817713568635
controlhigh_39	0.008227521314755237	0.013515352674517644	-0.12367905525645584	-0.05785829216458216	-0.2843544546111557	0.29572720116355333	-0.015420246358884504	-0.2821977264279679	-1.5123606728082382
controlhigh_40	-0.36595058567409244	-0.18274251592503032	0.05198950048915363	0.3114835486176949	-0.2855517844040344	-0.8069111521845324	-0.22643976759690376	-0.19829232327083302	-0.20339744725464592
controlhigh_41	-0.051177389685585495	0.08390468056591216	0.4439513555626894	0.0448677713769664	0.1477138308418754	-0.23911084068466815	-0.8589527999628762	0.1609767561804546	0.08255262712809641
controlhigh_42	-0.2126469840640114	0.021146058519165956	-0.43091742592694027	-0.4696700018026648	-0.29960473651115593	0.3443560572424721	0.07278130209419997	-0.29522787041986953	-1.3574608707434677
controlhigh_43	-0.48842106647859784	-0.10913992522964155	0.22602178150242003	0.8172184625964573	0.6795466684447297	0.013217067801766569	-0.09162374057816736	-0.33294464739232	-0.07706811296486238
controlhigh_44	-0.14868630491400248	-0.22406644240222862	0.2821730181083707	-0.08002857097057203	0.15751542345002945	0.15300316337408726	-0.021045596869111782	-0.053195192838783156	-0.24587883802613264
controlhigh_45	0.0839043553393296	-0.17073054547477307	-0.3592547190881431	-0.3492895653482767	0.05446083183632189	0.33633906867457564	0.6440944793142821	0.920556613526856	0.6900995530887327
controlhigh_46	-0.00964524285785584	0.6849419441451415	0.23690068185531266	-0.12674012812539226	-0.04066729980008199	0.4122677683658692	-0.07746083230325629	-0.2099461276518605	0.05301596445339796
controlhigh_47	-0.1074062761567548	-0.16484349244507557	-0.11781840383521158	-0.00976145199217926	0.05824170980149168	4.5416996131264487E-4	-0.058564879486768695	0.01631625983778806	-0.07133261100625121
controlhigh_48	-0.3066458160386597	-0.02424236263644486	-0.7531160236995861	0.5721787645739825	0.3070615245273537	1.1158375438712018	0.9105216249182023	-0.01078330158500973	-0.030211602089592282
controlhigh_49	-0.028444962610584823	0.14170362184400231	0.036226257276105955	-0.4038234820848915	0.03317911806887308	-0.17333388347148337	0.3167367559889579	0.05409238455537546	0.169520376677062
