high_0	0.25464445050671247	-0.08906459471679296	0.13473702092499074	0.35836171213791057	2.2231746224423334	2.0483797888310677	2.492676667793835	1.025563239401692	-0.07462438715858011
high_1	1.202426927192534	0.5737779676281078	0.0228546132269265	0.2597453649193173	-0.17359258341424533	0.07908019657859344	0.19029388075311693	0.7556150024066699	0.08506412074897862
high_2	1.3683801444376804	0.5488033731925934	3.439175660667326	3.0717980839426504	3.8395765005452267	1.1329645262202568	-0.1263492770439314	-0.03540109932974045	0.15531552525634917
high_3	-1.136684774842503	1.8774510487291394	3.3244675785354287	0.4132293455030822	0.6074935084458353	0.07116936772277493	-0.06005420787858218	0.25596814467921525	-0.28262423314683116
high_4	0.6824887348657434	0.34439539416556353	-0.0034122104432932066	-0.01724044847554329	0.016907773936300385	0.07273177971250155	-0.0972870441664313	-0.16382480435486824	-0.009663270953783831
high_5	-0.042594005107335464	0.13278848598644255	-0.009134359901691314	0.025244319084474887	0.3249863350986757	0.3310277705232998	-0.10213440237039895	-0.10975771273353208	-0.3735047338206876
high_6	-0.11931449277972317	-0.4346538393018673	-0.3146063697802586	-0.22950902418284724	0.775899674432506	2.4940665525817094	2.967791936310989	1.8794042501863657	0.21420603449185616
high_7	-0.45516067037891905	0.11059321947773593	0.10832153106601505	-0.521872717710526	-0.23132302846973052	-0.9800834761913599	-0.42035667278310496	-0.9499253621285029	-0.1858579210458331
high_8	-0.10932858672490764	-0.36758769251076395	0.9944395865753826	0.003884094825876927	0.30000240261705424	3.447656637869515	2.9993344857994995	1.824579055673463	1.1057170408941601
high_9	0.26887087820553535	1.8670475624906995	0.46352534615897034	1.132612851269985	0.9687853387460741	0.11168599868840157	0.01884038647030084	-0.26062620159260885	-0.515214291904891
high_10	-0.01807931886388059	-0.21806777683775924	0.09560882129832726	0.04644201662113434	0.13166187934362816	1.6840913825349426	0.7138387063002554	0.7741576395568586	0.40196196162812003
high_11	-0.29958870802274906	-0.1360371801858371	0.0068890181113114846	0.041791250083621945	-0.1864514552375447	0.2731236993977475	-0.2793041331646091	-0.6556247961439905	-0.1193611528600933
high_12	-0.5136069427624783	0.05369980530593632	2.3886670247756703	1.4083327159931975	0.7262758095384789	-0.18929603209202317	0.0858986144148346	-0.18620362541365076	-0.03392819148013193
high_13	0.0074140125065198514	0.11441212154854319	0.2272445489090209	3.0982853123964933	0.7129491193124087	-0.2170491893172486	0.07825733136542179	-0.22991886571034148	0.03762787766159881
high_14	0.14406636830264286	-0.027209993182194525	0.12091373416411044	-0.17021284276853277	-0.18472608723335004	0.36658680811665056	-9.380796353515297E-4	-0.21944727552883703	0.14606625421229213
high_15	-0.8131672246213875	0.379435241895268	0.5775793164965151	-0.07288467925773845	-0.013866995394983705	0.005319799661091862	0.014218686408661751	0.023481938424971593	-0.11181785124926269
high_16	-0.08537779818830171	-0.003026153432457379	-0.176311510995123	0.8566373876024709	-0.02785367707044739	0.6476123525950042	0.3155040055321432	0.001380255968921551	0.214028374307891
high_17	-0.21078422454532064	0.058012977265971655	0.07204932812876552	-0.18733220523882932	0.26816501199373977	2.8937443633712325	2.035855311363184	1.2301388461346938	0.843152147938494
high_18	0.05693466780787726	-0.6614901566101203	-0.9097070583843536	0.062472551816637134	0.3630834150703357	1.8126134765311164	0.8669607121718259	-0.011520634390215223	-0.08883147960327809
high_19	0.35794469177136956	0.807930282605734	1.1660512132421104	1.1659083792198295	0.9669393146622169	0.013258116214551974	0.04229309235621481	0.040975533898131244	-0.5018210283847673
high_20	-0.23612664279564943	0.4363639444821501	0.9454963165013	0.673878703432879	0.049475636392732225	-0.2979655634171092	-0.3531582051454045	-0.09142484785177207	-0.1656956827819569
high_21	-0.05286250436787232	0.11876961673122444	1.3182435289126564	0.908851550681758	0.5261027670394938	0.06318545739042913	0.17979661610615127	-0.4926616571244413	-0.13550928346554092
high_22	-0.09351621575735014	-0.27381616814841636	0.503436315586115	0.06159359518584995	-0.10762567001613044	0.41510570829624416	0.09152223471006926	0.11857227416882199	-0.5529478343946466
high_23	0.25896047202377726	0.32358402763182226	3.4859254414027996	3.856367998536766	1.5908242111715933	0.8499653971678451	0.12214640004542932	-0.11836161088534713	-0.16488979501160572
high_24	-0.12129894388119422	0.16365097633019654	0.6874302762203299	0.3135801054792029	2.2130654210213896	0.23322568086306528	-0.0604031465759054	0.31997684157234896	-0.030920895176181462
high_25	0.17363327762375458	-0.404128465963985	-0.42166523980333115	1.0875623275000847	3.24005890953722	-0.5097024883065651	0.8147395102250454	0.5559206887969619	-0.01551370375607708
high_26	0.3491042042774921	-0.12362026882680266	1.0706919095751377	2.049697709053972	0.325030069298635	2.525926274556471	1.1352263678406238	-0.28310104932775126	-0.1831136522521437
high_27	-0.18778769413255003	0.42724592421401897	-0.18792105019779304	-0.47366235650990096	-0.6292183631290957	0.23232256867629242	0.4743937999409116	0.021374336321305476	-0.49734188839969495
high_28	-0.17970879054394762	1.2161072343100165	3.824860629170167	3.219186784880457	4.076076706858135	0.2060764715578134	2.5108182945295576	0.1142374477028072	-0.1664700495858924
high_29	-0.38828353344128463	-0.2504495659909296	0.3524766719918204	0.41800608225726843	1.0440706085362395	1.506635143526769	0.9772863933456655	0.13093223063703152	-0.17093689089359576
high_30	-0.17037830473481308	0.2674147164418492	-0.4470287504350978	0.4863656645822496	1.4355271441246067	1.0480183064763302	1.388148632296297	-0.05605128658515324	0.050957763938350054
high_31	-0.1254228393553991	-0.10311336862858345	-0.3976030982000307	-0.22545306363274276	4.213605125942885	3.270503962391884	1.6168516661958694	2.065270795497704	-0.18166940449030755
high_32	-0.012873854408581353	-0.1664603935164266	-0.09311501339152817	0.39693150344892536	0.64632733131602	2.3217878941843475	1.6859034701431106	0.3042449244955694	-0.12938052453049154
high_33	-0.17071922923946947	0.03962785043638628	0.00600147519811034	0.17095664623648754	1.0320146663265077	3.9113571239501264	1.9812948059483186	0.1913034794238413	0.12254172081890125
high_34	0.5003322481953958	0.3153490359574913	1.066612086646688	2.3110666030100644	2.2971256169388274	0.6506789210776966	0.5716090594713676	-0.07491648945936125	0.2054761076185343
high_35	0.1240778484571583	1.306785674310343	3.9152793686726435	3.734480645542149	0.2401844705323597	0.011518916727285555	-0.03802790154858404	-0.07861760778674243	0.06037507756806071
high_36	-0.10569292716458034	-0.09070693752871084	-0.18043801450755415	0.4717068702589369	1.8981489465656531	2.5503826397683147	0.8891988924894452	-0.03582075826978515	0.1517039938811544
high_37	2.709423663006951	0.9188227742541109	2.256404512082942	0.11956328539206207	0.2417199784968378	-0.24612663189749218	8.344933767030493E-4	0.07628632101523247	0.47161984734462403
high_38	0.16693428563524093	1.2341655167312078	0.7783658658241659	1.0074530809082602	0.12514824004021174	-0.006230154091744433	0.1063694013126415	-0.5491722361673299	-0.5847059673350181
high_39	-0.23808931283207646	0.956127999030971	0.10426935890886813	0.19665585786425477	0.8388789823663625	0.2671871530239922	0.8463254183837019	0.016569277050274556	0.21267771791379508
high_40	0.37833206584427415	0.9294449326859613	1.3036822867886044	0.9164499532004686	0.5833069448651187	-0.07568859993908927	0.1485967467124325	-0.33948373051928304	-0.3770064337767842
high_41	0.11354139500264515	-0.17134372749937055	0.10348026165744595	0.33331464110949827	0.20183788675069247	1.8775581006326891	0.8508614623612842	0.1738181921902846	-0.07256467209766204
high_42	-0.10961354315201288	0.5504175825189541	1.1044115322586314	4.023501886158095	1.8942565236286295	1.2263976124697489	1.216664280776391	-0.7496301055917922	-0.21422022389641104
high_43	-0.38592495984555986	-0.18464258319500026	-0.5173490952883733	0.4598162426826595	1.6664142618000415	2.312223983913012	1.747464027239302	0.24638962005907028	-0.12607993382666227
high_44	0.8533423034124048	2.2139446209958544	3.936328057837719	3.923512829740779	1.695005815302151	-0.005826624036545214	-0.1692249178278049	-0.09479725862771216	-0.05543097008083753
high_45	-0.6055990956449897	1.6670403665004387	2.8397664336947512	0.4933458178792882	-0.03654009159515614	-0.10647464156898256	-0.3301113019138875	0.316468055795206	-0.02411949432375171
high_46	-0.3596555775279022	0.04115532018297752	0.7272791580907938	1.5336199804116635	1.0973247218309694	0.42639890070850295	-0.1465909583465781	-0.07552652461385656	-0.33885391602693393
high_47	0.6597511907379559	-0.06945251086688065	0.1923795344888679	0.22555895710581786	0.13844250828809268	-0.1074543129847918	0.2799421797700965	-0.2763781028551071	-0.22781992549242092
high_48	0.772352178275306	1.2803009872555806	2.91406654387941	2.221775298388464	0.05330248394224468	0.0613824030769059	0.03800036160589371	0.12503659151847368	-0.554634211022534
high_49	0.17802687800327344	-0.21050246658724725	0.12979378840696287	0.7331148079357106	0.06267250181735284	-0.2873051873304091	-0.31316539934701315	-0.14875504494047953	-0.1097124772743936
high_50	0.04932925162867785	0.2551267959077925	1.0050336736480083	2.135617171415195	4.04058969296796	2.4528269754086045	0.2546481596061827	-0.0410888887864449	-0.13891898026284477
high_51	-0.06965878458841002	0.14543327180852716	-0.06231891721427307	0.740390138738882	2.858826319708643	2.0395212645077248	2.4268210803914148	0.27823701428932845	0.03701596254074935
high_52	-0.11299033363443489	0.11750708939059229	-0.045233401105020166	-0.28972856943572123	-0.10763732400199832	-0.10585408658964224	1.5249622889516778	-0.04623078433343886	-0.2954474551677235
high_53	-0.303788801319427	0.24039796982710082	2.2104942516125172	1.782913041053862	1.1157255101542176	0.26442474143271677	-0.18284560036760777	0.3707451167784057	6.059616072000562E-4
high_54	0.2952089364234076	0.08152229283945345	0.5509431854597711	-0.18584651959945497	0.23726923256827592	2.6006034305532415	2.655365621236256	2.0994777702742695	1.4277550436041107
high_55	-0.02220835633008389	-0.0964740254814409	0.04203086392503219	-0.18235214842765868	0.29531894344849774	2.953113409432464	1.1965801225016557	0.386928044401041	-0.025320461452994936
high_56	0.13873225927330846	-0.011781171602485374	0.6039687405414582	0.6130108322626568	0.009988359996511376	-0.07755245720787252	-0.20182820773630472	-0.320761169954227	-0.24283873062529726
high_57	-0.09924897127924415	-0.06002846324425293	-0.02056693148235955	0.5599522622931559	0.1365366346267034	-0.006644355788206768	0.1978710468310616	-0.17437046824218894	0.08706324578371993
high_58	0.21678467743683671	-0.16338460524522636	0.49027858353147447	-0.05626096347190779	0.6499645628585007	0.4618467589290105	-0.3888401463797433	0.11872258704635352	-0.05709280750747614
high_59	-0.10824143501686234	0.3816593439196605	-0.011594289619712983	-0.32599509494112966	-0.1229498896466581	0.45500386390330116	0.3072826999392546	0.06597810811946725	0.5238677626561852
high_60	0.31657897967026183	0.9263560162286779	0.49978573257009784	3.8631035140782917	2.025175387083171	0.1484932248801616	0.054382479354963875	0.2447468133971078	-0.09383929157123494
high_61	-0.08940112821004154	0.32896112088854923	1.5031687699883498	0.6066872909552348	1.0550648548605543	0.4913937382958877	-0.2725988432586839	0.044785793308055544	0.17729251399799462
high_62	-0.05217389354884294	-0.03256090232799669	0.3802891985242709	1.5972291351254382	0.8856839678353852	0.24943087555344756	-0.13261185322557467	-0.30667872993923617	-0.1557757299897944
high_63	0.10767323785948757	-0.16239738312724605	1.4299773710311168	1.3003617210090261	0.47664508068595945	-0.025357953040708425	0.09080909631442124	-0.2678112400036714	0.004998984326204825
high_64	-0.3291356356511088	0.0514354570645732	0.37054472855100395	1.6870581044863424	0.4706838010451253	0.46485989568788066	0.016242614882478135	-0.1655352673524384	0.14072150242618053
high_65	-0.08319351488226201	0.5126889161808197	0.9701408963219691	3.1046333293894763	1.5395332190607938	0.7493929451198411	0.09046434875383347	0.18754925622250496	-0.03915914878799076
high_66	-0.10321367158539307	-0.13257042507109085	-0.12746232564238125	0.2960618451333701	0.05191422376421495	-0.0608259197010812	-0.04013872551203801	0.08055757785411788	-0.06521084653720277
high_67	0.034070064559604374	0.11444210465415838	-0.1500064628309563	0.8900545553935861	1.1036833541214983	0.39483152965261303	0.2363301556799564	-0.05334705050590327	-0.27414100806708963
high_68	0.6523197165731911	0.2227173110771481	1.3143268697713493	4.316220838365242	4.891111778222849	2.0508789684272015	0.5069073308963687	1.039671055021756	-0.45872319210428114
high_69	-0.25179538198418716	-0.13555379232994125	-0.13509531950874742	0.14354680189297642	-0.06480607420439566	-0.007536262711281383	0.11601330721239633	-0.18898814595129498	0.05321303752258966
high_70	-0.47486662795185297	-0.642841471041206	-0.16028522797005285	-0.4940541453410774	-0.3407780179532527	0.16048743646530528	-0.054022518354093885	0.2936387545503336	0.026139805388100568
high_71	-0.7354559176282891	-0.3201272133412687	0.06948954983913036	-0.38600713509644113	0.4729725414751982	-0.1866820316149831	0.20727909894662377	-0.015613792319662645	0.06409445938074465
high_72	-0.05858242564796545	0.14976250836999383	0.362836266308842	1.3516850768217086	2.564395569238795	-0.21408237869174163	-0.10100642892946543	-0.18950169497927694	-0.03557172953928878
high_73	0.11760177355577706	-0.14940468214274927	-0.12724000077849795	-0.2119630030976698	0.9833502673370889	2.189360393362075	0.7765771695045973	-0.007754280297969318	0.08350896857106238
high_74	-0.6269484158384231	0.9976707000289824	0.867764334630494	0.9009413493683265	3.7690446650837357	1.674020060413295	-0.24205136363745994	-0.049862780713364474	0.07196178064149694
high_75	-0.2001838395269815	-0.14864449188155437	1.6203717749100697	-0.07191141611403329	0.30106710872618403	0.4247137039840687	0.1996177781410633	-0.07535073391568692	-0.1921286871486807
high_76	-0.05348155395509413	0.06548294285437062	0.031855850497872984	0.4882988768268024	0.07097507759948374	0.5000225870649329	0.05463432117831757	-0.07270505182956577	0.45985126978502744
high_77	0.060710668442045757	-0.07329817631516122	-0.38846107710451006	0.06102014443322257	0.023012078423228166	1.5768217959053572	0.13737535239257048	0.42464970752462494	0.6846377348274799
high_78	3.2304555869308675	3.7244821554604544	5.462235289613364	4.923787735638707	2.843652388160436	0.08945124277411565	-0.4795180521831981	-0.43190606320347524	-0.2258783700630167
high_79	3.2134295933248636	3.4264105165638385	3.1478526302100027	2.8544745013867407	0.08429976300619368	0.11341053997742256	0.2997718477427973	-0.10363499652847818	-0.2317713389204219
high_80	0.3308661149327665	-0.2035338678981209	0.07307657089275099	0.44737886694637363	0.09685227960191667	0.09090835538007691	-0.2720560556504774	0.14572124000946185	0.30792401881954823
high_81	0.06696730412104723	0.9136715474339956	0.620952443223884	0.6862624619478275	0.2860944067516875	-0.025055519167387574	0.025809825631806893	-0.04312758845892373	-0.20222247519985115
high_82	-0.41976715932261777	-0.012322937387451605	0.07214604211708564	0.803069585459476	0.016907773936300385	0.2515298796152974	-0.09277780567386995	0.10077449142041917	-0.029840485255174132
high_83	-0.041009871002947174	0.057096864051999985	1.7842212411671692	3.112759166589403	0.6707321328022615	0.5550036696194851	0.2980511427163346	0.8027829685834547	-0.41193552486757246
high_84	0.23505443180766483	4.353342381211607	4.37203861498356	5.204279242255159	0.8103235050360318	-0.16599430049858133	-0.3414190816810685	0.0017702074252710087	0.40794707062179003
high_85	0.2875553638799715	-0.19254559169264884	-0.31194550137396715	2.1161249366037316	1.3060763255079724	4.894800971448752	3.3497946674668615	-0.12086121950632678	0.3023940440237174
high_86	-0.2858315662831592	-0.07835421857406932	0.05302719974295367	1.1025368518067953	3.194053540341516	4.126112308056065	3.771988162662111	3.988137130318721	0.6801654760027958
high_87	-0.22187908565081504	0.11943821957662837	3.5393951834062003	3.202302242948546	1.1306248136485457	0.28328944936866995	0.743380994284865	0.032282831262930634	-0.272416770662937
high_88	-0.11598458423979108	0.291632665505962	0.7103822635082977	2.667254246175836	4.06046183450772	3.0243377784504286	-0.010815477788365557	-0.15752289834735156	-0.1298853808994338
high_89	-0.100409349881881	-0.11193439285752427	-0.20779851323839016	0.18988635786069952	-0.07535073391568692	0.2491986563389872	-0.13828825674917256	-0.36535914738156827	0.08172443411610764
high_90	0.20955285187869843	-0.0738576899868797	-0.10574492573711258	0.48975714992382247	2.6730088137628583	0.6948193974083636	-0.04940989550384356	0.7006680354191352	0.1446633211346764
high_91	0.769786389325543	3.0857086280723296	1.161297683271475	1.6865749788136675	0.512463822340252	0.015859684503433114	-0.018546615476905837	-0.27174965877693347	0.57719119555803
high_92	-0.11283147925583248	-0.13862486366840732	0.1762321721295741	-0.1869079989062874	-0.11513532619390365	0.019629808812056337	-0.0632625747476816	-0.2575152050382725	0.0643702555331449
high_93	-0.030732477780250678	0.2067639146181406	1.5376300887554961	2.399616858764122	2.100617200087002	0.05184156404568685	-0.2668851920642894	-0.0610947380649709	-0.6992992600631098
high_94	0.1860938790547102	0.42261948094305235	-0.3134653934589571	3.314272344322145	2.106020729790516	0.6230921742710389	0.8452477211232405	0.07517286779502697	-0.18745492633023475
high_95	-0.004266201255122448	-0.18752118414131957	-0.04662742156043209	-0.01818233225292265	0.23900558531721372	-0.1817980773506378	-0.13438740866616894	-0.0661631151143729	-0.21904381563966902
high_96	0.015513191864550135	-0.29334988729886935	1.1176702158025964	3.052102437882003	3.90578053448606	2.227930750330084	0.04873115482221535	0.17045303218975572	-0.14507940808137154
high_97	-0.1349057793435675	-0.08033904902992473	0.1448304456419176	0.16433403448264605	-0.06843956186909605	0.3417010392778719	-0.07669931990082657	-0.30057340805079336	0.021070544935374746
high_98	-0.012839569457752775	0.08496656840066463	0.08615116124677935	3.708321216288099	0.5214741527103761	0.9299721371650207	0.08285046655036932	-0.07111130283683509	-0.014662305064568004
high_99	-0.04168687997454801	-0.4413895017981926	-0.32321675967854824	1.8958498901633216	1.449363397866098	0.14085471555462425	0.1306558588294242	0.1495768557501298	-0.07292501073898738
range_0	-0.14015624012631744	0.25440708766295894	0.06299016441784633	0.1060532912162484	2.1214502537158486	0.5705439404635537	0.5680291208420509	0.16968215584713842	-0.010029346617886903
range_1	-0.20775253000672422	-0.04054249824759926	0.18933528258178423	0.1341233878081567	0.4918167291925435	0.7855822278298461	0.6308493416292229	-0.15173880913180438	0.0010446284779062065
range_2	-0.2385150322632088	-0.22142230752715997	1.8224502615687468	1.6960195663705118	0.4294296752963589	0.36801409089370885	-0.3169756184905419	0.1934780890206269	-0.15751881346574703
range_3	1.7166812125472901	0.616566785864159	0.9515317650842767	1.0617793491630765	-0.12034412145549145	-0.10538265586712403	-0.05058325228637206	-0.23943197932348714	-0.09221585177605562
range_4	-0.012989102170909428	-0.5425488936595972	-0.5305800213661869	1.1355920883909192	1.0606760881627408	2.983507495516811	2.307821258117748	0.12874095159789234	0.028102462463893252
range_5	0.0568005010598156	4.320951070914079	3.408950472276347	3.119642160754169	3.0917544535944623	0.29158599021842835	-0.0696121672071286	-0.19120042139389715	0.014359794127688508
range_6	-0.09370375311954349	0.2500406940562321	1.9173721003853863	1.9608357410414505	3.1254760494722547	0.4182703363180671	-0.032860062839156656	-0.5830050682508301	-0.06720756060707278
range_7	0.19112737740851382	0.0833660502377842	-0.08801627909978582	-0.3050398594714949	0.09679959530034554	0.036643991997565406	0.0048874802152123475	0.26699635159684365	0.045192272191146854
range_8	0.352718466567566	0.469436492811085	0.10137456344717743	0.27274667836589184	-0.0211367645678584	1.3637430719951673	-0.06699582623309497	0.0705701703262338	0.2377571655696007
range_9	0.06432450893506902	-0.14594270174574153	0.2925422165497309	0.250112775346335	2.381071463381301	4.001001023180815	2.50731152127429	0.5637429137013619	0.885645900781834
range_10	0.12826888288400506	-0.36740102300634647	-0.4497253324040973	-0.3123998513166584	-0.16351372774833917	0.6022872988086163	0.3223375253396934	0.2928234710668256	-0.0011227042923194208
range_11	-0.12412409269164226	-0.23965297897913307	0.2502214816500945	0.26502630375422487	1.175629119447488	0.40645012091144106	-0.03394136755945287	-0.06472971792254367	0.09992836070419986
range_12	0.10352341624227956	-0.07378324303662365	0.3245189287901675	0.41878195435622767	1.7758879337841094	0.598449738996061	-0.11533589832953806	-0.24201637849500757	-0.10682759448594159
range_13	-0.05227386426471203	0.16829669705981742	0.06918151417919183	0.14670532263143943	-0.0218766864891482	0.068882049050077	0.003697916718691685	0.16923299896628374	-0.20573748087849109
range_14	-0.2593178719111322	-0.27414100806708963	0.8941886156831671	-0.09824866637483365	-0.27107538330525505	-0.11635875692716202	1.5171351490431328	0.5260072414850085	-0.10130574950511062
range_15	2.0354577214724374	3.4938977639579045	1.7516435453388481	2.236504224080792	-0.7408913236470689	0.3115285228279283	0.5752023241953814	0.2902610081388548	0.1725389868742908
range_16	-0.11704668273256336	-0.1882320851031667	0.9945414745609262	2.1629860334242457	2.9221877240008762	3.228282462479024	3.6190375578023266	0.30248628289972035	-0.09358910798110043
range_17	2.5553914925784014	2.614087491151138	2.036945527172848	1.704963767621561	1.2894090435707894	-0.11774175275848298	-0.3403461249023245	0.09785174453209033	-0.08369616700210547
range_18	-0.09691212562085672	-0.5466498373733464	-0.07628286952723529	-0.06131638913652471	-0.4134427808370458	0.08105483440805972	0.35901375076129294	-0.27187803632843033	-0.2528062324171947
range_19	-0.32389386114195173	-0.06809312978674353	-0.011064915845518053	1.1780069801441069	0.8450356126944285	0.06224230124988561	0.04813615858789322	0.1958493824554226	0.05501577874703467
range_20	-0.23447111812735622	-0.2778524487741285	-0.14158017407928303	-0.304103217232089	1.7020344365828926	-0.41193552486757246	1.7572007089925525	0.5073240685673219	0.05798333193887628
range_21	-0.11166934036228793	-0.11790289220048433	-0.04982231780897384	0.10371260147357542	0.7416827407245037	0.3751306552534037	0.3141515538904345	0.2909237364338366	0.03871214425464653
range_22	-0.029269652251057154	0.3976280763312683	-0.007754280297967542	0.09486918060590521	-0.17551961446289543	2.9501984314663874	1.574903227057187	1.19877731634896	0.8900241537871938
range_23	0.08077995710268548	1.5770539544862465	0.3825572462529834	0.6751527146615437	0.6612132902638013	-0.12089710693998268	-0.5739114370667491	-0.1203143553710746	-0.6529436243713669
range_24	-0.23949601742880344	-0.05414442832064137	0.05964047278415907	0.09586891628181315	0.3705447285510004	0.1758456243875901	-0.15301722750601177	0.054875624135322765	0.06217897946239215
range_25	-0.05105474631700457	-0.05044117868534159	0.2638626069430774	0.015049827715718278	0.06581737441724722	0.001503746854752519	0.004733059990198241	0.17454982006690112	-0.09627031603173042
range_26	-0.08361910201766354	0.0636010093843431	-0.28321923878912103	0.03239493216786715	-0.22392799145262754	-0.2753331889483015	-0.28881657827848195	-0.16005790988298263	-0.49378196440622735
range_27	0.005754912997576467	0.08730163149668058	-0.12777006805857494	0.02179828433259412	-0.01230022404009401	0.3069452816767011	0.29363039923574763	0.4863930572375217	-0.03830863431109255
range_28	-0.2538754589685903	-0.262694019323811	-0.12401311037136797	-0.2110500239623223	1.3522447812494949	2.2189667107553053	3.4151971194773507	1.0734913023026678	0.23004222741165203
range_29	0.23670909637399062	-0.3883487045499543	-0.24322063173036956	0.11571792821575744	0.467073496618746	0.5712200618172758	0.19561366092082433	-0.1288893624711005	0.2767018916561532
range_30	-0.22677722404213907	-0.3785272026159865	-0.33749439096485223	-0.06273111458656477	0.33203241659275196	-0.0011502066887569828	-0.18339087654953024	-0.23874710153189516	-0.2706992139993034
range_31	-0.49005221478358085	0.24406407826698806	3.6329660588256365	3.1282697379876065	0.9516049448845407	0.26429499907218346	0.016907773936300385	-0.3401027801065031	-0.06383459852518603
range_32	-0.10508275044230975	0.4262348528186688	-0.08634618786072257	-0.08631766479741043	0.48975990833591854	0.3631002588336354	0.008433065009903151	0.27985367630143076	0.44311119086747186
range_33	-0.11795027647373701	0.6151670972709133	0.8042883678714723	1.7943232877602024	2.917943564778377	2.9272705614516257	-0.057092807507477916	-0.08211209873643743	-0.14250400082333425
range_34	0.01246869826307484	-0.019434073127420293	0.16275864039975896	0.40131365456148127	0.22833101737280326	4.168104299960412	3.5512725873211712	1.96398379385029	0.5814061720977406
range_35	-0.12550770052229088	-0.03846629906870658	-0.5709396588814537	-0.20757624028855326	1.8088307989893735	-0.12541061877576287	0.13776216881068737	-0.09856944348363261	0.016907773936300385
range_36	-0.7870010028645187	-0.005104675555562155	-0.18276457090006137	-0.00408573371751797	0.08249611556387815	0.016907773936303938	0.19003981368561162	-0.2760461448771523	0.3720027327588624
range_37	0.24540061457471007	0.2956238020023647	0.32043590972218783	0.7477211411209133	1.340923980557245	0.20088205019561456	0.005004386311363573	-0.16751679720112667	-0.15354617161492112
range_38	-0.6823632968821702	0.2748662250860494	-0.7875605684853195	0.5571434798982977	0.1469531280361156	0.22788912968378727	0.011135336806204377	-0.036461868645628615	0.11760963867583984
range_39	0.22459225134283822	-0.14169161989231704	0.06440819754023219	-0.6992992600631063	-0.06798112365021258	0.5075542632391368	0.5800743510561126	0.6384258324867191	0.0840272350636686
range_40	0.19158630534924792	0.3913032887178012	-0.2700278676115577	0.03198035574638669	-0.005641980851352146	0.15564606292285865	-0.37056989794389694	-0.3097394325452332	-0.0989574331154437
range_41	0.032504628987319206	-0.05070313221837641	2.6126991521449066	-0.186625620148827	0.5334221741300371	-1.3969864832197125	0.38704873524082184	-0.24980995467145228	0.1362067023086453
range_42	-0.2691007466961157	-0.10705598278549044	-0.24516355106006604	0.13387526896034418	-0.39748727114934224	-0.1721440078432288	0.2986787423516819	-0.01725392574982121	-0.4908868662623924
range_43	-0.07369477484460707	0.11440785783040641	0.00459708335343012	0.11750884908087822	0.2235802791343635	0.5805123582193514	-0.0810139209359868	-0.5230945856938203	-0.62849308169149
range_44	0.043829073251589135	-0.6276115714653117	-0.3191942576558564	-0.22620593777423115	0.44372244099150104	0.1957816219002353	-0.12004728997243785	-0.08509706859224875	0.10974624525412291
range_45	-0.4611395228683428	0.17913465114704574	-0.20636345395695366	-0.031701497844091486	0.3625182872993127	0.34852926502750914	0.6097337111970187	0.3493282426413067	0.3230109016619813
range_46	-0.14796753722323186	-0.33218256983250094	-0.18916607591668488	-0.15051506010246674	1.960040219248398	0.5670694203275211	0.8920254422757175	1.255463203684532	-0.08904940149631035
range_47	-0.3006630558727619	0.3462724351441764	0.1725292373491143	-0.13837045154161065	0.5266639304682854	-0.007375838784744682	0.022221573832770458	-0.29121452142603066	0.17527336960489204
range_48	0.005223153334050101	2.256749732220137	2.0762001784823196	1.255317268988631	1.5504467730729015	-0.09615489055033533	-0.006288678805925985	-0.03496146598430028	-0.25460241396483885
range_49	0.04117979732587673	-0.3657966873734886	-0.11667538044228754	-0.28996880517733037	-0.03837466156488678	-0.10466206605112949	-0.3626637453177548	-0.25053421168838175	0.031670421028634044
range_50	0.016907773936302162	-0.14616856190354288	0.2654060866122172	-0.041248587318546415	0.08711533352122092	0.03107822179768749	-0.036457623042071896	0.03541730133905996	0.03721185319402731
range_51	-0.07512081880324328	0.20020037558380888	-0.3129871648943159	-0.16646479092653554	-0.3440250335203656	-0.6072898900679562	0.10158591258150529	0.07458529550388415	-0.06993548601145894
range_52	-0.29312845764042295	0.7808718845649805	0.5648934609336995	0.6371393611770422	2.364480483172091	1.304710582107522	-0.04062209427435559	0.17218599941421142	0.07119443720949348
range_53	-0.08611757160997002	-0.004470569377272193	-0.09313963043188012	0.2917553889795268	2.3216553425179773	0.3130783234287813	-0.245641583133428	-0.08945970964410077	-0.06646231268015623
range_54	0.41961447130442475	-0.5136069427624783	0.489660771071432	0.2679194427867706	0.2644721514403352	-0.13956188189375074	-0.1851360020083448	0.2338560372013816	-0.7439045621842724
range_55	0.331543376257305	0.3749552946303154	-0.17710284603032211	0.552994039387509	1.030766622496693	-0.458193109504623	-0.45396443993592794	0.05818937033333316	0.12993123518797733
range_56	-0.19581619465101618	-0.370601999119786	-0.3754096488424594	2.736225127630722	-0.2959466475959307	-1.1636644717055191	-0.6406130807147588	0.002983531404688433	0.18401775977155732
range_57	0.405754501898431	0.18291104789275958	-0.02583944976812913	0.37433455004504945	1.075441303058098	0.7450435170997547	-0.10505190220280558	0.19628586301667528	-0.125069189380832
range_58	-0.10623047470146418	0.04514145466524577	-0.29132911360505376	0.14640001356902377	-0.2019260978644033	0.18550737791204663	-0.24070092019642542	0.11117643515262254	-0.05717329165048324
range_59	-0.0017767893286262382	1.4288055656845795	0.8537762486398914	0.8689611415894845	2.6424334470468986	0.043368977391717634	-0.14017923471753968	-0.238651511335344	0.07571252064987166
range_60	1.1481924127129488	-0.17997511301448843	0.09165262774590377	-0.11672560261698295	-0.23030879915315716	-0.22410032556749404	-0.4129009729826836	-0.23270611613517223	0.16736193541801891
range_61	0.37399323791020556	0.1785368916893162	-0.2676688253914208	-0.11492484110649692	0.07804413320345627	0.1963044682559143	0.20133234507372744	0.14501608816639577	0.028580137231940972
range_62	0.07972716620367026	0.07094761364919111	-0.05299423929385161	1.0997745737104256	0.844217302369551	0.6155452115545337	0.12047718510825844	0.3497602048478867	-0.18942287393474655
range_63	-0.3735517026218773	-0.195395829776561	-0.12692799863734838	-0.28200366822608847	0.013841470888515728	0.1256140333788014	0.5684472731200081	0.01899048474803844	-0.2811080496939635
range_64	0.10544444853795976	0.14512723169096353	-0.23673588407050095	-0.16970749248636374	0.2875553638799715	-0.23363568771429688	-0.376390407009102	0.08087083266826478	-0.06451108052833843
range_65	0.2531745686798359	0.7913612780159498	-0.079307541323	0.29650243417662536	0.5322957985476122	-0.076666341375897	0.01281501930241613	-0.20944266096883024	0.17321100481497775
range_66	0.04833806875675495	0.6135520797050951	0.014333300382087577	0.6050726278029186	0.8299206887310511	0.8568812335602274	-0.03896497868466953	0.03945286240827239	-0.017443730854476813
range_67	-0.7311727939216379	-0.24631927377884577	-0.14273128993967554	0.07272999442019734	0.6006571697571992	2.5774910834736637	-0.8873330198196421	0.040202057425413384	-0.2063765763564629
range_68	-0.0619536611636049	0.07316438296275041	0.13899784976621876	0.18632790869666027	-0.1568875721809111	-0.01783220710144673	-0.07869309102366828	-0.3739146275395513	-0.18077289390339257
range_69	-0.7972021572452903	0.1003118716731286	-0.2758739752915418	0.086710807584091	0.2806409906536522	-0.001783705888273035	0.021573852358222068	0.14035010685653293	-0.09589361550712572
range_70	0.5149102506835808	-0.24830963697316233	0.1142445275610624	0.0025524809592283315	-0.278839269034026	-0.3087011717495598	-0.27709590369157167	-0.3796434637856365	-0.33267666385392336
range_71	-0.09013447120367535	-0.29829445776274643	-0.3133999865670376	-0.16814912276779315	-0.20669488421571747	-0.62419780482239	-0.2575429976189103	-0.4243176457666398	-0.27142809504655774
range_72	-0.29696738613288187	0.01961006802657006	-0.19769339365390182	-0.05559667272154223	-0.0669818356086298	0.1785786741659574	0.0828908877761918	-0.5155699469840844	-0.001864642244224557
range_73	-0.01823173900815367	-0.18269860957033512	-0.21507154319420008	-0.517291613102967	-0.2066298101156756	-0.05518737152407849	-0.17807971951763268	-0.41041609867037043	-0.12316364007953173
range_74	-0.041390866628364664	-0.15896037250296424	-0.0875551043921059	-0.42337104936866266	-0.4507353116686821	-0.19599912635798877	-0.014662305064568004	0.007274495447034068	-0.03555964595783512
range_75	-0.051962348349209764	-0.14502326855233805	0.010777175245764381	0.08010160042349734	-0.05475321119114729	0.12070548364048572	0.0347068418772174	0.11698520304780291	-0.030595240570741256
range_76	-0.06776155566907538	-0.045067627305275026	0.09005544667011267	0.10544444853795976	-0.06539213072596195	-0.07775517584752856	-0.07741960861185082	0.20695389894270533	0.005414415055928101
range_77	-0.5061269776416524	-0.3907848515127619	0.016907773936300385	-0.17478785017722953	0.31171004663627744	-0.13283934556838095	0.18336892007504413	-0.03749956619887862	-0.19342483704696822
range_78	0.046743003477065725	-0.025127932590512048	-0.11464406502220581	-0.008690533801205769	0.20028963084935358	-0.16959511140010197	-0.08066638328132858	-0.045924812758981526	-0.1959278999814107
range_79	-0.24448906588106145	1.5698051059475986	1.202271583599148	1.6995410565812497	1.2311589481294696	0.48225035506320846	-0.13742037245499295	0.10427527622546129	0.18908874931898256
range_80	-0.05964337092362482	0.5388604771316536	-0.07706837427270874	-0.29173537905559876	-0.6618682283727406	0.17528828524255924	0.2604482054581616	0.31035349266619217	0.16275864039975896
range_81	0.19282137995472914	-0.2837517041974096	0.10386837147716821	0.2767083425160777	-0.0081435981190634	0.09231732430188688	0.08534529162400939	-0.156672398047202	-0.05307974500085355
range_82	-0.08096116696557965	-0.34337334447697043	-0.12351645190726068	-0.13985170528103308	-0.06252669355810458	-0.07194758983847493	-0.02295668694163777	-0.2031457592987611	-0.2931135542668877
range_83	-0.09710848635535574	-0.20127239611323167	-0.1446205118200663	-0.08976028736018304	-0.009244513919664188	0.01220690617048592	0.2147580560465403	0.2565781867045842	0.20246342709237974
range_84	0.027991273065318678	-0.027515681641298473	-0.1028605525338524	0.09407563445876188	-0.14115117014572864	0.9819551751018778	0.15854309231833308	0.1639984025005432	0.3071636485051179
range_85	-0.288620420585467	0.12249980896682966	-0.29761597655282057	0.039469928588393044	0.0039222214564123	0.021502348013549222	0.23971584249707578	-0.2863878469622627	0.17376770722877377
range_86	0.07740901018440449	-0.03540207295913622	-0.19335615664232475	0.12520300712885368	0.4327190437034669	-0.18288002806797832	0.34425121258944347	0.030685635196582295	-0.22985824275274358
range_87	-0.008971536576394046	0.023205012397512048	0.11135172320242925	-0.20548464740014727	-0.010315409186434588	-1.0534815539550977	-0.11582279767786585	-0.15620511703767126	-0.2288580282623125
range_88	0.1362067023086453	0.0970210325333809	-0.6386631629772606	-0.11924833577460103	0.19148745868764006	0.016907773936303938	0.4390839842226686	-0.33492868022195954	-0.17769300247879127
range_89	-0.16436938228121378	0.13831836640844375	-0.47014097025793267	-0.04275178121393286	-0.3057221915758952	-0.0023999571646424744	0.1009343153978175	0.10437061518663948	-0.028609044967413455
range_90	-0.12179291045750706	0.05626221257318842	0.24183847618419452	0.00795617309177099	-0.1766962239755252	-0.15931446596722343	-0.062068405951817285	-0.09206548421632488	-0.13337680228244797
range_91	-0.19573051817540965	-0.0014707553785549	-0.0331863457552386	-0.015935067176855222	0.17098618307119362	-0.12769264857964502	0.144915386312374	-0.2637734395381248	0.07830831860044607
range_92	-0.16953931806250488	0.03318061493227886	-0.3512623223383733	-0.1832525322180436	0.05306743723172214	0.33043016754313803	-0.019312413976450005	0.37474987163360285	0.25640262296346417
range_93	0.09700739095484212	0.23164662272931547	0.17979054020645502	1.9792328912866732	-0.06358291931468352	-0.04741449034728196	0.226147051285152	-1.0010141340609586	-1.1314844895808307
range_94	-0.25393656537174114	0.024032208369679564	-0.35228786751103347	-0.15881951357254498	0.07941180982210372	-0.3101006346691826	0.019355094355044455	-0.11512061974748211	-0.1779897557374721
range_95	0.04857507899341296	-0.15072517178161982	0.11968966216472565	0.10224608040979066	0.2345119279405592	-0.03414798747768466	-0.08038070550746057	-0.08645159651526702	0.07217677400495925
range_96	0.13490498333474998	-0.01710219725282447	0.1733641620325368	0.05641778894372851	-0.047313931123780906	-0.004429452851814952	-0.11561449310534155	0.042985906303130816	-0.051383267603683835
range_97	-0.47434029196266114	-0.09289731576565274	-0.10443704706094725	-0.09277994784215715	-0.08960038344056653	-0.036680701422747264	-0.5986585042307608	-0.4001246946038137	-0.11178344904088466
range_98	-0.2116237844975537	0.044755758889418074	-0.21797031483103368	-0.16383351441950755	-0.28895345610898393	-0.5231288559033367	-0.1219665616761818	0.26887002227115064	-0.3731189840757161
range_99	-0.11772391816241812	0.17607742363764944	-0.18006048023821575	0.18683277537861254	0.09119041883815249	0.016907773936300385	0.060188323546847	-0.11728796927468577	0.011652048484805944
controlhigh_0	2.3240957502626873	0.04605411959581995	-0.1282901416036346	0.045336182262815994	-0.03968910030889217	0.3883454996943667	0.016907773936300385	1.2086281116218254	0.39053063970594404
controlhigh_1	-0.23477669945542812	-0.1827919865193961	0.07419160960799753	-0.20686302640462118	-0.39871133996073493	0.012794599258831196	0.11068992025691737	-0.1308025268854378	-0.1265105280562795
controlhigh_2	-0.11300058593777895	0.11544350974687378	3.977793056982944	4.894788179998329	3.23639446409734	2.9408718829037648	1.921632864591541	-0.49608292121134157	-0.36373845548446515
controlhigh_3	-0.12886701564223224	0.06102102786880681	0.18913589544538634	0.17737244612955005	0.2839259953655844	0.3028885239118544	0.11644344748721802	0.30384044746745853	0.08266632999905421
controlhigh_4	0.12819274387022683	0.5712536099884546	0.18379668031885354	0.26048075942034266	0.24235429323045188	0.09205542513157172	0.011915729649989215	-0.09715503646751178	-0.017284503154910036
controlhigh_5	-0.08460149094960312	-0.16343748215328646	-0.05996098944796846	-0.23964863964783256	0.1455298560499212	-0.33380874437568697	-0.24410216136631857	-0.3221187977392044	-0.2790666915823323
controlhigh_6	-0.17377578767280544	-0.38442064694183853	0.14962447103925913	-0.03768227486627951	-0.09222219642431839	-0.304798082779133	-0.12066583865443037	0.20177003235334268	-0.25743247506636036
controlhigh_7	-0.10749909479026099	-0.496322648972247	-0.11906989558267189	-0.3302568178795797	-0.30502032095106135	-0.07341726467395238	-0.08282179720792482	-0.12289486590322096	-0.15252239126693223
controlhigh_8	0.23036357371986838	-0.19958404596046297	0.5351707119488587	0.6600270802145161	-0.7957220901619764	-0.10044917670185716	0.14874069095751064	0.016907773936300385	0.16890619012501307
controlhigh_9	-0.001239572773953812	-0.08916752175834586	-0.012521050438060621	-0.17650055103274664	-0.2253166949455212	-0.24107950012155333	-0.21338308966026465	-0.5043960895625361	-0.1690865011732694
controlhigh_10	-0.6320960885937705	-0.03171093128387459	0.47977379830575795	-0.163587619554596	-0.3274913819165477	-0.018348585403294537	-0.11641744481655825	-0.04839405769385796	-0.42342601995829665
controlhigh_11	-0.025438516773294895	-0.14609356864539014	-0.3744682491086391	-0.13927975981983054	-0.21629140235672684	-0.08476986772263584	-0.03528843718912644	-0.11561901279892095	-0.5845428495734233
controlhigh_12	-0.01391514953059958	-0.17291678494371898	-0.20658050392141836	-0.07198950726631037	-0.37327453665626753	-0.20113917712418083	-0.06270113136242217	-0.12701610000919428	-0.13656670672541726
controlhigh_13	-0.3071760601977147	-0.19326984689988191	-0.30248555447979464	0.20604289441284496	-0.09938641787598113	0.1479520627737949	0.008643145737857294	-0.06382349817655286	0.10559409422740695
controlhigh_14	0.016907773936300385	-0.14486441079456047	-0.37590380710756865	-0.24899983741398235	-0.19527960121256727	0.03817536982737013	-0.14514898417267053	0.21566953206737938	-0.1401359362092791
controlhigh_15	-0.12770847600819946	-0.020438192065652006	-0.33544013534906836	-0.5221510076345555	-0.5335663503995633	-0.861494562517666	0.336171232770069	0.07340147639942685	0.6605200026616209
controlhigh_16	0.022328553760014413	-0.08095820134314491	-0.09115197192115265	0.45202951925847823	-0.8747160650189045	-0.34987455673532186	0.013071646265337078	-0.1581789326217884	-0.0738469907850885
controlhigh_17	0.06709238318930111	-0.12784553466119175	-0.2598015687945694	-0.2795327163783974	-0.778272434175203	-0.2974071368411846	-0.4396136373587549	-0.16341170977522723	-0.44252384470099604
controlhigh_18	0.7295566342413753	-0.0215663738783356	0.030637394241087135	0.09352905553921498	-0.33727451995568747	-4.864642727702151E-4	0.30899032425152906	-0.04243737059442876	0.12201077432236995
controlhigh_19	1.188319240060699	1.8475226022630167	1.57323893265844	1.130874762697723	2.546208173809199	-0.5039243893651417	0.034124522468238494	-0.04340874537571904	-0.254195070769468
controlhigh_20	-0.5429637458220242	-0.14815147233419457	-0.026522646258695604	0.0397876600256406	0.39460912194217523	0.22112017920772753	-0.01743228911878547	0.31646805579520954	0.05122860673886698
controlhigh_21	-0.4427420546448293	-0.6300054295675459	-1.197217031416549	0.20291975954625197	-0.32387053344681527	-0.3415461969761744	-0.6958660101065484	-0.6636323867670868	-0.3872290709771218
controlhigh_22	-0.24916708621754258	-0.2006836611363252	-0.08031606680044345	0.644296707606071	1.4479469775939513	0.806511478241682	1.549760648614744	-0.12947999776526786	-0.3303420191025659
controlhigh_23	0.015842478890342404	0.11721267973198901	-0.21981418929542618	-0.05348155395509768	-0.11577470926752231	0.44652373813803936	0.7714317394868153	0.9131964244141926	0.11398665527654006
controlhigh_24	0.013895883404194675	-0.1454107945482772	0.39787650656655127	0.058317290671907385	-0.1549996604824273	-0.17675519839160292	-0.07456312269979581	0.006843264516655401	0.17419219096997085
controlhigh_25	-0.03980661705801869	0.1996146148225797	-0.16789682048216226	-0.11672772871090786	0.07151828933789228	0.012359073244667895	-0.46299412531025586	-0.09556695532210857	-0.12395476190354704
controlhigh_26	-0.22913591546479428	0.3749552946303154	0.5114840382003514	-0.20548464740014372	-0.37940901925344694	0.026846010992419123	0.04309170573995824	-0.2772853669232298	-0.09780974192252256
controlhigh_27	-0.1712011717997861	-0.1505289822834197	-0.3297676270119567	-0.10901487962540668	-0.4266988775393117	-0.19058184858997618	-0.509840112839558	-0.6394737873650691	0.13916700321532782
controlhigh_28	0.15430211104193226	-0.03401616122637141	-0.18745072456988443	-0.1744184493197818	0.47376544890977423	0.2909899958168969	0.35001186009058105	-0.03466402620149922	-0.1067487334248487
controlhigh_29	-0.11359144311310243	-0.013506083437136995	-0.8184968324927493	-0.27019033678796167	0.1694057036204295	-0.26985714932582394	1.1929682943383113	0.31131556802961025	-0.4195594034896317
controlhigh_30	-0.1616949429772474	-0.04722256348341536	-0.1116302730600156	1.1951918429828516	0.02580077425595717	0.5337600863251992	0.13612428894060513	-0.04032755812921285	-0.7722746727474583
controlhigh_31	-0.30132820110898817	-0.5828897679477987	-0.029869736339820152	0.16003271603489888	0.022816430827076628	-0.16664315924715134	-0.024615588248051212	-0.5285548448062223	-0.05709280750747259
controlhigh_32	-0.22809200454373202	-0.11425152893830348	6.793121444139683E-4	-0.048705469937630363	0.11398296338389602	0.020507014990369	0.15441129768623862	0.4260316499207384	0.6024665528394884
controlhigh_33	0.06012281589614221	-0.04891797394159103	0.009149434315305127	0.060484563497777755	-0.08590303164747515	0.028747272171055327	0.12687196462878414	0.10361940712963569	-0.04722256348341536
controlhigh_34	0.008094704129992136	0.07140655910904381	-0.044399259713316264	0.17289896955023987	0.2441305357127621	-0.005322173447166678	-0.40734728011003196	0.01884949117991641	-0.3315181231281372
controlhigh_35	0.11805748108508207	-0.06715649085217668	0.29298466571390036	0.13249457615565308	0.13080025057125755	-0.02748634542215389	-0.1346036871847247	0.09359529650163867	-0.054372806977941446
controlhigh_36	-0.09975030084969672	-0.16183170198087393	0.06049773260449931	-0.38212924664882597	0.06350510800084908	-0.5152380283414033	-0.08286296716790464	-0.13446452449558444	0.05444342070461938
controlhigh_37	-0.6257702246411398	-0.4691878966016969	0.0975262341445855	-0.01788145413334452	0.30070073993689017	0.02796765146185254	0.14459515245570365	-0.04661344587213212	0.1570032324436681
controlhigh_38	-0.6109976306391378	-0.07057154565284773	0.044934017423282624	-0.35521671692226	0.3796296360717928	-0.14087757983198768	-0.41434046418873227	-0.5829283984818805	-0.22679515364556058
controlhigh_39	-0.052133870493349166	-0.015035118566451233	0.06399461942263485	-0.16508830329065316	-0.06555438625567267	0.016907773936300385	-0.1352996200243235	-0.6734672737885632	0.07578476268352641
controlhigh_40	-0.3010623073823766	-0.15119838651050554	-0.06692381686716975	-0.23068520152528937	-0.386814412114709	0.35033150766149457	0.043737506445869156	-0.34332179660496753	-0.29026406678931527
controlhigh_41	-0.11635875692716202	0.17596376066594277	0.2847761858405409	-0.06737220042583059	-0.2052440984618944	0.2412617116060367	-1.4219643510381996	0.04259441759994753	0.13749791474989403
controlhigh_42	0.23149861473585598	-0.327235054766587	-0.2632001452564332	-0.12938166831435827	-0.15753979730751344	-0.7220883554572766	-0.39372454622253916	0.39937741075871425	-0.39026760756957235
controlhigh_43	0.04225810648105788	0.3073832425114993	0.3748013661115379	0.9456068097971062	0.8425600740957833	-0.09911426098546028	-0.24315506536620224	-0.32173895065505964	-0.73583336097237
controlhigh_44	0.006053141268689499	-0.07824945910403547	-0.15570559918403437	-0.1890625283725209	0.18291772537523054	0.029783442341767552	0.24619021134618424	-0.1905343059341711	-0.18062752187504505
controlhigh_45	-0.14494438023626466	-0.34414207871038305	-0.19759160903026474	-0.46738932388054644	0.027154074478269896	0.7111038579237705	0.06843807457638529	0.47763736390801337	1.0727751818033624
controlhigh_46	0.07184630895799926	0.5163564957127214	-0.011453600366507333	-0.07470418744055007	-0.09948967735942227	0.5301893665178532	-0.12936941290395443	-0.3851906696350469	0.20801942919308902
controlhigh_47	-0.10822340454338364	-0.2115694098611247	-0.08540992755251087	-0.17425450788355623	0.0021794367857459473	0.14815230721455275	-1.8850970069483886E-4	0.09473304851812148	-0.2044324276511411
controlhigh_48	0.05457479910488572	-0.28516092266475757	-0.2549368723091423	0.40824379715697634	0.24554452216841205	1.0161759303079936	0.8403518560441483	-0.40015314187389284	0.15923575724263261
controlhigh_49	0.0105518980638315	-0.1232698841119586	-0.10956014158713345	-0.2041959514315732	-0.05245565184299772	-0.10303655688848523	-0.14145782173228771	0.2486738038093257	-0.32657997328148736
