high_0	-2.9151355064186895	1.191350700128995	0.8333737811306092	0.5950876994090877	1.3721650205442038	1.1491579190846093	0.9529729014512871	1.1914845596921542	1.233652416979629
high_1	-2.3039891308624085	-0.9832161163186492	1.0680104352599449	1.247154032971035	0.8740903045912696	0.4441424339996003	1.0103417418509306	0.5049996481121506	0.6246529064654116
high_2	-3.172905299854282	-1.9851049791571442	0.07173026059299326	-0.1999118074855717	0.8955642101867591	0.7039237246233478	-0.32346015410197704	0.46424286065257037	0.7577737344063495
high_3	-3.2796314883458955	0.5831090026345243	0.07204632228805452	0.025796277885915986	-2.5358875364617592	-0.02948265000987127	0.6908617718921664	0.7467359519152608	0.1503443721729385
high_4	-0.44029525234990774	0.9292642780533245	-3.611273273592042	-2.4557038877813913	-1.831213022873596	0.5801153515646231	0.127640994356373	1.135702621861521	0.6453414439888647
high_5	0.15307689403774227	-3.1370214523976845	0.8015415763044749	0.2850746026680435	0.6772728915817254	1.270134288657798	-1.4260318986023763	0.44041081162168916	0.9120749823436933
high_6	0.33298680526111313	0.17309105555521875	-1.6021259489631399	1.1992449620310224	0.40803421588415945	0.6926041013053565	-0.06988822307898679	-1.427188676759753	0.8197109772453433
high_7	-2.6161408270390716	-1.4161755235947504	-2.819852984623555	0.6853183006276338	0.7957912486644825	0.34702348679007966	1.4763905972931808	-2.705682140789742	0.5215020411943965
high_8	0.03198875529268563	0.8461278920931348	0.5824290760787305	1.2584005104729512	0.9121991749142533	6.845886912222561	5.2845400905995445	6.329954055091154	5.316496360813598
high_9	-0.3221632275027939	1.313469334526545	0.3194954976323363	0.9757133546863097	0.8662242071059725	-0.1937831022583063	0.5521156166779078	0.48484757129774736	-1.9243224272650765
high_10	0.7847763734681819	-1.4412665045575836	-1.9459125638876162	0.5076032623383686	-0.1875169000483916	1.3321701406927426	-3.810892030624924	1.715103549948074	1.5950517318285
high_11	-0.20788408235539158	0.9219516999062096	1.0533097597064656	-3.0504199415577045	-2.154742333780133	-2.7056821407897385	-4.748360755311541	-3.305144211206011	0.8447980227950629
high_12	-2.6270261383746814	-0.445536126653751	1.2425510317984563	0.4899731357459933	0.5521156166779078	-1.1876236324536114	0.7970335755763591	-0.5367171530763615	-0.21084826677878588
high_13	0.9937008555621241	-0.16840508395523446	-3.001138024315912	-0.4376765928056743	-0.8298320754689035	-2.4941780355960272	-2.9627302257904944	0.8597252325404183	0.5188735458126132
high_14	0.08421152205742222	0.3500272917965488	0.7047955346885459	0.9541597531576864	-2.9535931400560482	0.22471208921042174	-1.2943085986573235	-0.0681358269904313	0.23096212317338982
high_15	-2.8312130228735963	-4.027610235677104	-2.5681786170398038	0.7821778861740774	0.25057485467398544	-0.2317509524573269	0.6006432148065246	-1.8112139889076395	0.294342283054305
high_16	-2.412630811201595	-0.6836558344597401	-0.046941713929038675	0.7596309807110979	-1.2215565086713587	-3.2007470187777107	0.6866352819890216	0.5380894430653334	0.7783884081831574
high_17	0.7108212603282074	0.7914390992297078	0.7929422457078366	1.0631723931343393	0.4510974845956517	0.6912939767615394	0.6563175182332277	0.7221583497714132	0.9028929171533682
high_18	-0.5371146050415339	0.27561369361171484	-2.672125042860472	1.2100660795971019	0.22282681683929284	0.11307754454011687	1.078739651459837	0.4345374710687795	-0.38618078329691286
high_19	-3.3337133634027847	-3.0536054442100475	-3.176987859715327	0.06933818936194869	1.1432033674398616	0.9521304461053506	-0.5011386892845964	0.4688002955853252	0.20554552713651675
high_20	-0.5887104228006865	-1.3198529846235567	0.724771820286888	-0.21605139430038434	0.6553009897594644	-0.7218295633663379	0.6248221385380701	0.32856854299656857	-0.346647292470571
high_21	-0.007204472510274007	0.2526986091029182	-1.2957191984167424	0.3221394894559684	0.8360909255731708	0.3307055394365366	0.6512574609652317	0.7060138983472675	0.9055652574743631
high_22	0.4060253820828612	0.6221506958921037	-0.7345370034619216	-0.1991653860827005	-2.2013996954386776	0.8771125232487071	0.7951694052275384	-0.17333807327533868	-0.0013628510322420961
high_23	1.6956855029265603	-0.0968425380506408	0.24540825872931316	-0.49172655660193043	0.4890124897903301	-0.7694024469317495	-0.14594561635675674	-2.163922855759898	0.4791999356502592
high_24	0.7109798303113124	0.8629785476023175	-0.9751852295859489	0.49351370536643757	-0.24561539479548933	0.8739723772196089	-0.35367696426036566	-3.223530445652356	-0.28423688636234323
high_25	-2.649927983181243	1.4481515839007744	-0.12703736382506015	0.7062799042421875	0.5716649690650801	-2.2544244535981424	0.62636937447311	1.0174353603421802	0.18623594788262055
high_26	0.8164771617453417	-2.748750862681627	0.35149788905240276	0.10818021242224973	-1.124864127379867	0.9012027528843449	1.027193107085662	0.8601112150890355	1.0317860470205977
high_27	-3.103373280985503	-4.269982908811656	-4.621289953499369	-2.7056821407897385	-2.7771048744827525	1.1482735247195548	1.4889874438027493	1.1682074651286174	0.05059865174032763
high_28	0.88146703486306	0.9896436310140395	0.3315786811598269	-0.5335643238878116	0.8166450848298121	-2.0011380243159085	-0.005362735226087656	1.569094090197389	0.5293358989027352
high_29	0.9373797853835877	-1.0118184006595754	-0.5564335853740514	1.8664497367120136	0.9301025359378772	0.45725090573669136	0.2823472648994898	0.9650660967645444	-1.8874764519829588
high_30	0.7202494318034411	-0.19739352073390282	-3.2906446415108928	0.47004070519068564	-1.3184029633371563	-2.6926484050138093	0.8531884851757232	0.31638555932493984	0.2767027676939888
high_31	0.33558924895237063	-0.8983272187321327	0.8632418440086769	-1.6865524741965634	0.8899891660605406	-0.6245937892754012	-1.2245112038189985	-3.3283897413030257	0.2793449339103333
high_32	0.3725467421238149	-0.6334969553837799	1.008689835436279	0.7000681222988281	-0.36845406413623727	1.5469259552474226	0.4555281540401197	-0.15059553090645994	0.08050271189899871
high_33	0.12078682428848375	-2.5196977520962633	0.4309394052166724	0.7323758270549894	0.957332580613427	0.9321540697944111	-0.5885574152275683	0.8100978672612611	-1.6385679449312016
high_34	0.4715514246343535	0.31422701107948403	0.1714962933541344	0.1412254296751796	0.2618963815178843	0.5557439475410721	1.1378374805541152	0.9417015038443906	0.4645282774529067
high_35	-0.17786354717218855	-0.05509168627090921	0.7085903016558668	0.4189654962883742	1.3517365475855938	-1.9924182213042039	0.7643967220470691	-0.9253236037206534	1.2320582423297115
high_36	0.20685501795992267	0.7790202600329261	-0.3336219543483707	1.0379111253593278	0.43118126829780334	-0.10509209961499066	1.0632945354651542	0.7997889443232096	1.3659625469098355
high_37	0.618043535238112	-2.9702770606111475	0.24355474552837308	0.8011791366457903	0.6529200812668956	-0.2462505221524418	0.68061101227742	-0.0887092451659599	-0.14049199693056802
high_38	1.1467969668374869	-0.6543670588544701	0.035625032394220435	0.9402247471654033	0.7263004305524634	0.9731151867973991	0.5765981758591876	-2.738103618482116	-2.3755335390974057
high_39	-3.3044225027711764	1.6485846348637596	0.9895465869627433	-1.922456181887936	1.5976302759302767	1.2529542492541135	0.5046777250518153	0.8313179330093086	-0.17941999874115022
high_40	0.3663732028662203	0.9140049594096669	1.1001998918689913	0.41112512165745696	0.9146361895155606	1.2668377327271811	0.6994298365654965	0.6301403957560068	-0.047082320628712315
high_41	0.6479948132744584	0.44733313758320237	-0.2203896112082393	0.11198062150793064	0.9705608669207069	0.2372957550566943	0.5855182570289925	0.8800877940508267	-2.8609603662676495
high_42	-1.7821064177326649	-2.705682140789742	0.8829655303665425	0.7614234600142773	-0.9069805304915606	1.1786347630827534	-1.806965476626919	-3.3542192217520146	0.7810999659925157
high_43	0.05616941384570695	-0.10373062380750997	-3.0188400260493697	0.011817630788004019	-1.9093981823395614	0.37472887768225527	0.3644195434427513	0.20355239528707458	1.0531003716614944
high_44	0.5771492272479908	0.35393480129293686	-0.7225559593541353	0.6280257533143756	0.13724704187571768	1.0568107775529276	-0.6886676257663644	-0.9358365455133597	0.21402894461873
high_45	-1.8769893368073587	-1.9070064585631525	0.6565473188221917	-2.1531411177609616	1.1574380401683284	-1.320597863612521	-2.525460878786772	0.4117557599060915	-0.6257023181607815
high_46	0.9093765666517302	0.13354597134286217	0.5821679740849428	0.39894192483693147	1.5792102089808682	0.35166960561632377	-3.3477885486145045	-1.0931989582895996	-2.1493910665055846
high_47	0.33898076199583493	-0.8521003893474217	0.8752418367852342	1.1460733329472303	-0.04687321896530938	0.6182713581097607	-1.5542778002235413	0.9225039355819347	0.25234444756963303
high_48	0.8064720781538111	0.6357015497501541	-3.5353425061974875	0.723091562463748	-0.4428582358747366	-0.22976239936387066	0.6548521528458908	1.1666634320406353	0.2982710525402157
high_49	1.134466903942528	0.7413153632042253	1.3846050650155013	0.9986981514127111	0.6240136707296637	0.3205079808956601	0.001552781373879819	1.111831590556837	0.8534937690028974
high_50	-1.831213022873596	0.18938216985503442	1.2325836277073725	1.0031462149796566	-0.9482977001154198	1.2609478356871302	0.6732730669133267	0.44106121416030253	0.6575569732316471
high_51	0.4873313536792756	0.6319805145598976	0.5788548020425817	0.315797586620713	1.0108620896681144	-0.1483766975931713	0.4039110362634768	0.6426147243882856	0.3710607655050222
high_52	0.29431785921026177	1.2164484170793772	1.1771747626191227	0.3130124163167036	-2.0011380243159085	0.780568221151823	0.6469782051967814	-0.6327720340745262	-0.9442282896255605
high_53	0.6026033461389562	-2.9466902402935364	1.2417395778997806	-3.1868075024899927	0.38377900860317404	0.6955759876772547	1.0844159098126218	-2.3423969293878226	0.1662447825639488
high_54	-3.503360976831507	1.3273852362641725	0.19159686003448884	-1.062120391110972	0.9566337402947893	1.2477562357438299	0.1853426756687997	1.1509655763107578	0.6982970314998396
high_55	-0.6991855958518538	0.30328801271481454	-1.5202839269354926	0.6952034680439871	-1.652590384217598	0.867406259643124	0.49370513382969006	0.3288675614829881	-0.1929654528515774
high_56	-1.7454114141309167	-0.010536722318158942	-3.836826650585227	-2.2158768731089236	0.38688969256896333	0.10138361155214093	-2.8663480491424025	0.40096041925543724	0.9950246202152624
high_57	0.562937109931424	-0.07314022654934127	0.6994824260572872	-0.06146042753960734	0.8935521176870831	0.583824476405246	0.9197594292864884	0.5989842835762522	-0.6947438592106152
high_58	-2.9904116177228506	-3.095711353322348	-0.6309143723877655	0.1051860856623732	-0.5147318898938058	0.694855788793989	0.9370479095798248	0.2208091894746842	0.7630940321043591
high_59	0.08287307413912459	0.7446769058973575	-0.5397502087132879	0.12122269111233686	-2.870741387060237	-1.3287684289191455	0.026565103444222915	-0.0584755664709673	1.5889149854396243
high_60	0.6759120433727406	0.47463714708137705	-0.11032029795578135	0.41606894282510276	-0.6173146578765054	-0.2489197089284294	1.1098932880728347	0.644706114322376	-0.07818054445288047
high_61	0.9907886751484087	1.5740708185092471	-0.2565188576062718	1.07712678937199	-2.1042315172800112	0.09783262569143436	-0.5065908188169723	0.9456610308365943	0.20751937161511536
high_62	0.6930790885244591	-3.0912495078621642	0.850739467889609	-0.16549794162312792	1.1365390272610514	0.583824476405246	-0.8426040664459664	0.851598678807534	-1.478911278942716
high_63	-1.042736075277826	-0.19843509310400242	0.4231976635724213	0.3251458492894186	0.13684408462364517	0.6529319783208136	0.6456156459982358	0.8937315028704103	0.23227470586050658
high_64	1.1371907355671012	0.4241132878249305	0.48860740905177225	1.0566161646729555	1.1416880111834395	0.8874279130795293	0.9240086442690061	0.8207460940110256	1.5496392134117107
high_65	0.6478962182544354	0.6313528464878309	0.6816889131160571	1.0504539763937528	0.7950703471845124	-0.37336244005578023	1.0320519193256052	-0.033019884827839574	1.0719994962933213
high_66	-0.999610554569317	-0.40106863120455016	-0.45830099926743073	0.35627034995302	0.320413829849308	-0.05733399308553255	0.6782168466802008	-1.4489273518779908	-0.6156056035362869
high_67	0.9987764229441256	1.4658755613965175	-3.6038025267705276	0.6853870022855715	-0.16122993773813277	0.9638168318304381	0.5802209543582626	0.70450595882771	-1.416175523594754
high_68	0.08944708839817594	0.7443200649276298	0.5414626438914925	0.4156590235341071	0.6568962041210427	-0.7487508626816266	0.07837168190418553	1.0166365719492723	0.4817600847593815
high_69	-0.043895148335026724	0.727644193915568	0.1754462195582971	1.1302661318400171	1.3445647048141522	0.9694781689029954	1.0345435515735446	0.46528988969518026	0.8535937162677654
high_70	1.1845465082367774	1.1464691034548322	0.9005754304227092	0.11299919894065469	0.732990917680761	0.6645503001814002	1.0522185999109335	0.29431785921026177	-0.9635646359708028
high_71	-2.58128355670123	-4.455703887781395	0.5405977288775274	-3.6286863175204864	1.119661064321653	0.8655292216341339	0.7443724810548489	0.40647670521502755	0.8061680118822478
high_72	0.12666345025585835	0.47284894692391277	0.6848998163810684	0.8023435031392367	0.7125268151210433	1.1436959961635706	0.28129282544179035	0.8590012828409883	0.14144421047580935
high_73	-1.9877175085535883	-3.3337133634027847	-1.2443602847937318	-1.7206477966876512	0.5361248639318241	-0.35215903072360333	0.766261276921343	0.4683472589853095	1.4270514682830948
high_74	-3.0276102356771	-2.870741387060237	0.6468342739310435	-5.128841763598119	-0.23022041233349433	1.6251829396391744	0.5692267867574625	0.24381028145953665	0.627386596928907
high_75	1.0012634067485753	0.8175298697129947	0.863289852584421	0.15982602312777172	-0.3786314331524767	0.44025822010883453	1.169739565500983	-0.19829729892951575	0.8276073453685353
high_76	0.7918648504191081	0.7723383544671505	0.8535809838390487	0.5056952366905574	1.205991269475086	1.0320176805131844	-0.01136500695586018	0.9366760331063919	-0.42711337007964345
high_77	-1.6626134188978534	-0.33540965406367973	-0.41617552359475396	0.9168686034867835	0.3735460588925881	0.7469603121849195	0.5919552472956513	-2.6926484050138093	0.210157411546261
high_78	1.0374004155501384	-0.96170464926816	0.6213495106463978	0.6024051361503686	0.9929909512610184	1.0322718836833638	-3.7929593043464216	-2.9677222700768056	0.5676745994389274
high_79	0.875114682423588	0.8289418768237058	0.6465001698002164	1.068970998925	0.6652722296844049	-0.4052629358321995	-1.4212447368799397	0.6504926511262659	0.017531587787692482
high_80	0.03702838895552163	-1.6385679449312016	0.7689199124889134	0.8583419247206241	0.7154426009982473	-0.16846940124204912	-0.4545218352442342	0.37218668311980196	-2.3547749789306085
high_81	0.1642475309426168	0.1817722665595325	-2.4966658683769083	-0.19753523711941567	0.8049748012027307	-0.02590254484993504	0.0939374003669855	0.7144215993534166	-0.1823480758406022
high_82	0.8939202443570979	0.5896377487219235	-0.9877638896773184	0.11257639205357806	-2.6385679449312054	0.5144343088638845	1.193175999806016	0.5536098633582383	0.7463699474819612
high_83	0.7161023279366312	0.1315160997726308	0.6217549667537432	0.545422428426183	1.044918002970631	-3.001138024315912	0.8889090611291925	-3.2906446415108963	-2.011160995416791
high_84	0.6519931823171554	0.6079907875359984	1.0880507105380002	0.8279037746013602	0.898694438276719	0.7173713066299003	-0.5066689797792259	-0.9200222898314558	0.29814294772822714
high_85	-3.7056821407897385	-4.045742007670487	-0.13224889588485467	1.5723351513174573	1.6572810613661597	0.6574805487400444	1.2845538191074513	0.23388200534828685	0.5769051790018624
high_86	-0.2995023036755675	-1.290644641510896	-0.5288846915700895	2.2990705205997672	3.8381564081038118	1.7778619339643653	1.1553826058396448	2.1160739502557266	1.8868184063218776
high_87	0.38881529299177964	0.13185532747311712	0.4487192612433726	-3.103373280985503	0.40354189948057084	0.09640105174471914	-0.07513860575968478	0.5028952307474654	0.8547084262766387
high_88	0.455898358196847	0.7777034566948944	0.39130020189946024	0.9314883263953162	-0.05957682761489358	0.6561208772368519	0.9297060228845739	0.7991809070945648	0.9842725281648719
high_89	1.095230746521864	0.6924416595385348	0.26623531724222205	1.1707195896604026	0.8322306703140507	-0.9121330182571652	1.3108789367705953	0.6170992518809364	0.5215495360531242
high_90	-2.890106711927169	-3.3362050671599093	0.4388416875053187	1.008924529165274	1.0274198789801778	0.6664849924424179	0.8196620836012676	1.0221371181755592	0.7780662961774552
high_91	2.606658758686608	2.008304109189302	1.3428163769014516	1.4721253262074419	0.9743093730209493	1.429070189125497	1.0703427770719298	0.860131955074553	0.6272744145342222
high_92	-0.8662165958264303	-0.06449009690019536	0.47473936089489777	-1.234693043769665	0.2346395244210273	-0.5360579201346896	0.6530554782280851	0.7134731200600293	0.8165432369628729
high_93	1.081524781627529	0.2797008704061368	-0.26466254334602346	2.3212142678906122	2.617741750817255	0.16878697712640034	-1.3259777146231764	0.8853463606307719	-1.8299595950683096
high_94	0.6157948064291061	1.1730490039805643	0.04884705309375925	0.457816591493142	0.5017702605227632	0.9118764495441509	-3.8312130228735963	0.7448810765734992	-0.006168951130479661
high_95	-0.16353947124288992	0.9930417644979797	0.756584528831761	0.7612376166893962	0.486114504134987	0.39340101203854183	1.443194414588872	-0.24181164956022427	-0.25464676114948825
high_96	0.18789580007410778	-1.0347930728999974	0.42222089812890684	0.20786400890529433	0.4119999420474534	0.28359166446986817	-3.4551767795953925	-3.104231517280015	-0.8048575458805762
high_97	0.6516638245782611	0.48974451298150545	0.6448860021415277	0.9687002886143052	-0.06047669205214823	1.0989518668253766	0.7520089058627681	0.8551697957434146	-1.7930693413415921
high_98	0.02691826081506421	-1.2100846416108613	0.5232540760832107	-1.0536054442100438	1.362289137137615	-0.9982834123680504	-3.101567654209312	0.7004925331716081	0.6250161637253575
high_99	0.6346635877273548	-0.10244458167401027	0.7923246473600598	1.1156234438094048	0.7806276180133678	0.24513786325651865	1.0914448885932357	0.7377201256329153	0.9355485795781606
range_0	0.046457913390735905	0.16170625105574943	-1.7089535637231241	0.055318060602491004	0.8471940419666242	-0.6382666484284802	0.8933008302463554	0.9375840109486584	0.6605903984869272
range_1	1.6039903247305658	-3.0011380243159085	0.654442277658575	0.5584931864486242	0.7244055162654155	-1.4530355081561213	0.669891444928622	0.834544505060846	0.3254501508420351
range_2	0.5136543884455105	0.7029949282878445	0.6118699357396162	1.0806693686640172	1.0016329213679376	0.35900423855967767	0.43813179070635866	0.9320867191060691	0.7155581154269266
range_3	0.3850814410353005	0.5119917316441784	-3.464606293221051	0.802659078328505	0.3801359339872248	-1.0570594837955383	1.1479578971120559	1.0432560950425425	0.4313607762847733
range_4	0.16250853060810067	0.9355278222422696	0.9794622574756195	-2.210879726470928	0.7291799092968383	0.8506277260477797	1.2677429077703846	0.7153980690651898	-0.30376535312819786
range_5	0.8930451311970222	0.757591544141951	0.9843624059889733	0.59424574857405	0.7394109700554614	1.1795133837194582	-0.23095756760624275	0.9067014006861547	0.6879391398945149
range_6	0.3242146150480807	0.3541420191383191	0.33206684675740594	-1.1769878597153267	-1.7085796657221797	-2.1042315172800112	-3.0499156790272473	0.06316663881477536	0.4358617915877032
range_7	-0.2135137357404433	1.1101497899920594	0.4684063163622192	-1.47596633147109	0.9694335598557908	0.40033151385664767	0.8225544789404904	0.6616287508125966	0.6020372796632734
range_8	-0.0563264867441704	-0.06441219916662688	1.2290143339808746	-2.0799127572917566	0.14640030704662998	1.8132212855387524	0.9702071921999817	0.4220282904664556	1.7105659791530494
range_9	1.1833525064982313	-0.9760521040657728	-2.3617277395723786	-0.7291801361086703	0.6426734573876207	1.0095836555970854	0.6553457737865644	-0.17127300141899737	0.5177399183100706
range_10	-1.55205895167653	0.8785484568802098	-0.8042459752733266	-2.7056821407897385	0.6590142397033569	0.5145401754358903	0.17023718549159939	-0.35477497893061183	0.26028676204235013
range_11	0.7040197360535168	0.8030590968740612	0.009909802583903948	0.47258104209832674	0.38723123193612374	0.408027789711497	0.1440826912851778	0.8732736753467993	0.062144417081226644
range_12	-0.028298708627838343	0.5283785882720109	-0.8624637369539918	1.0080492855130274	-0.23532126774347595	0.2963921280150228	0.5344377116193428	-2.3265013959302863	0.588613719167489
range_13	-0.25772123342954223	0.4973571504054599	-0.1327589386291288	1.2665955377884421	0.8007203440597392	0.6846597691308764	1.1870877938693474	0.23421054193322033	0.5847885225760268
range_14	0.9380018908133574	0.3151764641079249	1.6896191404278442	0.9951700705752915	1.3348234251825002	-0.746752669784781	1.732041851256634	3.1724823726076625	1.395133542857952
range_15	0.6100292225912736	0.533104718797379	0.9000232112252269	-2.6534082340463474	-2.065770108890918	-3.0031143201286614	0.733090007281467	1.0711495867978995	0.11296976249252588
range_16	0.3568593252789738	0.8153149217273603	1.2461962858374485	0.7694481642055442	-2.062904741329535	0.8178026713709399	1.1118054090166114	0.7893055072144384	0.5751072593041349
range_17	-0.06896427287219242	0.6542138042966441	-0.6154406234036072	0.5922860551534426	1.1602152491121986	1.5769330300728	-2.603802526770524	-1.075586615604523	0.6604856837035735
range_18	1.0848596311680245	0.9524881767946083	1.0966847131793325	0.922596673838169	0.505979180667506	0.9848322748864577	1.140458254067909	1.1921044712549345	0.7601422301571195
range_19	0.7271214762976863	0.6809634969113925	0.5883218521570888	-3.001138024315912	1.0853744444680393	0.36037552258592265	0.6572166830514201	1.155767525622941	-0.05595664524689048
range_20	0.4253919316812118	0.5570313492461472	0.6062794641883562	-0.5676037236108404	-3.1531411177609616	-4.162695529234815	0.723604230336153	0.5164459425621664	1.1383813197620454
range_21	0.5103287531512504	0.8639710908192566	0.6609396674849572	-0.22820406673498694	1.404593129072426	1.403247911020013	0.7801841517206214	1.6301281857723302	0.6884932865704505
range_22	0.9243450324234337	0.8103330062139256	0.0924009303260489	0.7285202120390573	0.5040504503669114	4.914261695567432	2.7315878279234003	1.959796491194804	1.0975078207591358
range_23	-0.23397219237400413	0.2235134949256834	0.9495956958728089	-1.3752512515352888	-0.5011961080090594	0.3184393748250838	-2.890106711927169	-1.5681786170398035	0.7086951163646875
range_24	0.5134351485138462	0.2813253158749556	0.7932278209992403	0.47364155865482105	-2.3713997311056083	0.795855979799102	-3.246250522152442	0.3916439759479806	0.19652011555509863
range_25	0.5534508273617276	0.3823001282716716	1.4427941725234945	0.6273721920780029	0.01898815460808323	-0.037022560014440264	0.4662956710541215	0.23978774602754016	0.6081636077997639
range_26	1.1620488609981703	0.7187820836247119	0.31462223114487675	0.5984917130817513	0.8490299812806674	-2.333713363402781	0.4799796971455168	-0.6349007454315003	-2.893719312656967
range_27	0.5426099348251061	0.42901220366947723	0.6627144016939364	-0.14443758340208457	0.9440806899517098	-0.8983272187321363	1.3099290779396855	1.2183943182909085	0.4525799431269937
range_28	0.7481394068431133	-3.455703887781395	-1.455729324639982	-1.6601730098542793	0.7570470679481345	0.28750945793832394	0.5844881986269501	0.9281129157247785	-2.0011380243159085
range_29	0.3966645951967458	-3.4590064273500722	-4.079140536317185	-0.48699686078444926	0.7775086343422768	-0.13311111485532812	1.1822492369329665	-0.06010388774461428	1.1172367031498773
range_30	0.2106463705038284	0.8804104996573605	0.1282880623554663	-1.1864285026489687	-2.2364434393363117	0.6114555953824363	-3.0536054442100475	0.1687869771264039	0.3628410470266401
range_31	0.269128175630309	1.0390415622540703	1.1505775489251386	0.7187968790131356	-0.3377097308076935	0.24839869241519552	1.3416235739886189	0.07860046523359743	-0.4473420514624491
range_32	0.8587190374491025	1.3183773813191666	0.6400926960519906	0.25283975416943005	0.7628516849548126	1.0529977295360846	0.9391957346354254	0.6883264028495104	0.5073694066882803
range_33	0.11342554297443574	0.49407865383638083	1.572133131079694	-3.1261740701606957	0.931090152843866	0.3716179714761554	-1.0559999593504281	1.2562498183767394	1.5408551860367938
range_34	-0.9416161080958465	1.3660884175000219	-1.3610444835227662	0.5853233804786646	-2.909215534874873	0.7674677868387072	1.4044697022514072	0.35854356546903454	-0.3367732745350531
range_35	1.1727646558533105	0.4749310217570202	0.2881751385805542	-0.3166398500438399	0.8252242449417049	0.5720858958990587	0.1132918645347003	1.0045834300758278	0.23226341346795132
range_36	-3.6376472715191177	-0.14823126271325093	-3.4321170674637766	-1.974269965976383E-5	0.986040360250245	0.29433922335321516	-3.0536054442100475	0.5178923330838627	-0.22965401162174515
range_37	-1.8241656079307054	-2.4686429434888932	-2.9161755235947506	-2.1722499407086655	1.1144968216254478	0.583292304345828	1.0771957363094586	-0.2009808750657427	0.6038740294286529
range_38	-3.3755335390974093	0.43145782929432674	0.8093892200712551	0.9868606946828378	0.9840010567400548	0.4289798250070789	0.3023540863171681	0.6023848863119758	0.8360906982210017
range_39	0.49392073850789253	0.6231065296982552	-1.3930919104817094	-1.6385679449312016	1.1653747327873705	1.4501999122750482	2.0336085063227127	1.1173884999999457	0.7304421043554898
range_40	1.088580675217884	-2.1926484050138093	-3.31663985004384	0.22865843310380485	0.48630161872866506	0.761786859276594	0.9178369679046263	0.5874177411292527	0.8099890446577975
range_41	-3.846163364339569	0.4711105140742531	-0.1490549870560416	-2.200446832539315	0.8635090269764751	-1.227141699204738	-2.8796437924998948	0.5972593030851121	-3.6078676725991325
range_42	0.1169669411845764	-0.08230892648360899	1.1355981353595743	0.6852697399647918	0.6470444050315349	-0.4959419101383522	-0.42690662347395736	-1.2717856142595758	0.2556179349995811
range_43	-0.7259937108191019	0.9789624182463845	0.9562194053331228	0.11768151277565253	1.4221192950107933	1.129448829175905	-0.4777739552410194	0.5416520372389899	-3.286659285956606
range_44	0.6851227586554212	-3.2906446415108963	0.35660654879164455	-1.7041902115703278	-0.46058183486211646	-1.1740555674848545	-3.0011380243159085	0.717037699491039	0.03347351934904119
range_45	-2.3770593933283664	0.6361798814663813	0.7796716507738497	-1.268237368360723	0.5968916941944669	-2.0328468840432468	0.4490589511903711	-0.2786719998448193	-0.5269414643304804
range_46	0.8539023471473028	-0.051026900108268824	0.42084044089589256	0.04137545177358626	0.062390937483497	0.9214512576505973	-0.3370637448984135	-0.2041486892726121	0.19823075501888554
range_47	0.04959268265116745	0.2029872682442877	-0.71222498665651	-1.708656773955331	-2.603802526770524	0.18632820670412564	-0.3562028116486926	0.9280124157858654	0.40996194899645766
range_48	1.158281370403864	-0.4079815526778894	-0.3317794985245921	0.49212189322800826	0.7736662054226768	0.7222712463743906	-0.3763574655381505	-1.1478123660605994	0.6924815399247086
range_49	0.017307643004908835	-2.331128352702664	0.8302756659600237	-3.0536054442100475	0.4354612997370808	0.20494843737919166	-0.1443709081332274	0.4390123830696864	0.5407558589142047
range_50	-1.5646555504761073	-0.9879385265610503	-3.738103618482116	-0.024907566246713086	-3.966036120290669	-3.89241133855346	0.45692525486008884	-0.06165108829510735	0.7744026615772148
range_51	0.8594029412499575	0.5693249067101311	-1.7202685755547973	0.3614320550687984	0.647536785244829	0.0232175992955741	-0.7375040540943132	1.025912780057878	0.20865143800434205
range_52	-0.47084803811890796	0.7740709945404503	0.6249521449147253	0.8184859733743359	0.6394967053160292	1.0336120982951178	-1.468642943488893	-0.13005750464791865	0.8229626417415024
range_53	0.9606082341682118	0.342395745098073	0.3471088027731659	0.44887353590412205	0.41415273486719273	0.8001078992190715	0.02453443045144632	1.561784435289374	0.6660155364957785
range_54	-0.12688731301617895	-3.705682140789742	-0.8224541422445844	0.5796457680044524	-3.67756920093184	-2.7353674079002346	-0.49773126538381685	-2.6385679449312036	-3.6212899534993657
range_55	-3.200446832539315	-2.738103618482116	-3.3547749789306085	-0.5225421221083673	0.07623773389159738	0.0018885424414405438	-1.1059916051685759	0.6408433656471246	-0.16817195257182393
range_56	0.013474297811403746	0.45582957569608795	-1.7297765375650858	-1.9218155716545053	-2.527371734262978	-3.0536054442100475	-3.3889516315835646	0.952469070199639	0.83264366950902
range_57	-1.7165688257530165	-4.123694273234175	-0.04688561941263081	0.03863255699082502	0.8619335429196424	0.35425282946449443	0.2817804998984663	0.6702180778043856	0.747613340983942
range_58	-0.013916030270502366	-0.6966432978792481	0.35321154826383094	-2.240916646908337	0.6792863543105663	-0.4152374902760323	0.41763773835654683	1.2467026085735624	-0.3032747078864728
range_59	0.883497888634013	0.5313570565111105	0.12456036952905536	-1.0376639003410248	0.9904829222510279	0.8812345242496111	0.6403821396125029	-1.6352890869201226	0.9205930626035104
range_60	0.6526633527332442	0.3876061581448289	0.15947923490017346	0.7856847649667797	0.5909869566292552	-0.5074245859607076	-0.6619998165945027	0.7909823840465349	0.9790342695003711
range_61	0.7561783973522715	0.552510988345386	0.52323186833066	-0.11999121637092247	0.9582199911867433	0.9796308852638858	-0.060054054583110306	0.9482694034103931	0.7984005121423572
range_62	0.7056551896465122	0.8479069716719076	0.46585301153498393	0.9533585035397183	0.6580218058267031	-0.38118010223855037	0.4601518086347609	0.9482694034103913	0.5006543027335433
range_63	-0.995599840774483	-2.890106711927169	0.5468201738989171	0.5521156166779078	0.8962459907642251	0.7537494778475582	-0.28577888633908244	-1.045637967898127	1.3811015795265205
range_64	-2.094247428707389	-4.375533539097409	0.3137413543615415	-3.0028511266493414	-1.9327629577774077	-4.063020618688672	-1.68131759239054	-1.8573428446487517	-0.0031809414625729726
range_65	0.8120214989571439	0.49372205976157457	-0.3569975876599807	0.15370599187127731	-4.484655261477519	0.4259448166235258	-2.531652741014687	-0.7876237543259135	0.1687869771264039
range_66	1.0138461678990016	1.0929687123870073	0.9727830993892674	-0.30802017403476056	0.770461811289268	-0.5736125030904338	0.15978563639015353	1.0524402105062471	0.11580336879751685
range_67	-3.875533539097411	0.46508692982172506	0.552516612316347	0.36197749745429086	-1.2140701164032899	0.1614053791180503	-1.0536054442100473	0.020464230169302988	0.9051788210202256
range_68	0.9133341742089531	-0.20230717456484348	-0.07667389668029911	0.5840924113810726	0.8996165177067665	0.6094713198060966	-0.17850591551660755	-3.3337133634027847	0.3891770455517014
range_69	-4.104231517280015	0.45519726956184425	1.4127125600124926	0.5595039463701987	0.8447231378950504	0.19390389562574328	0.8813661518933051	0.2162101265675489	-1.6154843318181606
range_70	0.9906817811357753	0.4841760353587061	0.31607196675985283	-2.6507326096120707	-2.3892084759944847	0.31309260689237584	-0.015374594770125816	-1.4611557608407588	-0.2369727085644351
range_71	0.35594651598506766	0.7508625252541148	1.0578158384583782	-0.46126341312329244	0.43278740165735496	-0.19351855746231705	-3.462869361198477	-2.4557038877813913	-1.6200175485594224
range_72	0.1742713959819826	-0.051038049753825865	0.6049530970598893	0.18209360662217766	0.7991263216184639	0.6364834256778062	1.44092707185669	-0.8609603662676493	0.21730180539503707
range_73	0.41151728650510777	0.7404003759406079	1.1767882925459496	-2.4509459902212924	0.9396060030361097	0.4514642559312707	-0.37113464063644286	-1.3407800615153762	-0.16713355640112115
range_74	-0.2202162697604544	0.525111678082361	-0.06058242725211094	-0.31804120522045465	0.37657207466166054	0.6218683108097267	0.7016267467714246	1.389178020473641	0.6854434644566487
range_75	-0.07021874121580729	-0.5944123269868695	-2.929939067815913	-2.531652741014687	0.8331839453419632	-2.0964703812229875	1.046008359709486	0.44000374335690773	0.8707694432493043
range_76	0.606908089518287	-0.48938160976451583	0.8982759607655402	0.5398315524221202	0.37232037121153483	0.6804782811989709	0.23291731454611964	0.49080007031424455	-0.035181487842873116
range_77	-1.3509772049669164	1.1719574113660036	1.2738438783914818	0.6845867326216173	-0.216948778863699	-0.1305006768710013	0.7613828027499834	1.0259062648509822	1.526603526540477
range_78	1.0357254473348105	0.5086369800110282	0.8421957523588095	0.3780268477229438	0.6388992843339818	0.7384798492086218	0.865394833676467	0.5462457560205796	0.2964222213435781
range_79	0.8024025627741136	-0.1253178334974201	0.3134424294502003	-0.29587261743423166	-0.005551922572578638	-0.9804390316480729	-3.5681786170398073	1.06324515638008	0.10455318763427024
range_80	-0.7056821407897382	-2.087552776133384	0.9328144675199062	-2.543903174685246	-2.5256080475153144	-2.9509459902212942	-0.8707413870602367	0.31094026020465315	0.7283798229335263
range_81	0.7015386784989135	1.1531249982308138	1.112942426186278	0.9284038808992412	-0.21397411912868392	-0.5636795149468357	0.22001230048157283	0.25324871592502185	-2.858251359251497
range_82	0.9269657671144922	0.5772999400125498	-0.6128307110770572	-0.050311863534233	0.28662346742026146	-0.10052207734817098	0.546830268923044	-0.2500736482371353	0.7510093155026463
range_83	1.141583414387256	1.244437073878846	0.19684326225737636	0.81355887308286	0.562169236109135	-2.3337133634027847	-0.9118314830818848	-0.5511051036808625	-2.6689955476246308
range_84	-0.02761023567709997	-1.6928016777595232	-0.13521920976369528	0.13859376820253666	0.49740972458777244	1.4201090352893326	0.5534930854519333	0.251202044286176	1.1748044834141285
range_85	0.9913720355908098	0.5634182657434066	0.3817583499018602	-2.1966271452646513	0.21066017463623532	-3.0276102356771	0.35888986050634686	0.7933565425687539	1.0117085098257015
range_86	-0.7084905183319534	0.3664881218126521	1.0083399922807887	0.3552001013572854	0.8870160087110206	1.1519131585620086	1.4729868526178536	1.0237454656058411	0.820715301716364
range_87	-2.826186190541639	-0.31532442251629056	0.30130022662398237	-2.5020586977279926	-1.0759798097738968	-2.4161755235947506	-1.208885084614131	-3.2899819427776134	-0.601931622919279
range_88	-2.519269016558857	-2.5999300881928846	0.5167923304230826	1.0099679114940099	-3.078918480745031	-2.2434272405818696	-0.4247282620960815	-3.7608941356365637	0.9887438743309345
range_89	0.5632258841316189	-0.6530723564504084	0.47237074153597214	-3.917565671491648	-0.06607675601623142	0.16780908800454353	0.4946622565304273	0.0573922197071719	1.0577116922924505
range_90	-2.267080097971048	0.6084849181734742	1.2161713686262117	0.1628621431692976	-0.562253131450716	0.46483178384893464	0.595424739547328	0.08261677960588742	-0.11785316775485177
range_91	0.05375144612935334	0.29201874312067333	0.5875420892955019	0.5649400947107319	0.8620005370783164	0.9767569898097757	0.7318347014191195	1.235652301378715	-3.5681786170398073
range_92	1.0203024481366658	0.6231551853351356	0.2640041131319537	0.47085553341786146	-0.14785649690586644	1.2032540858011755	0.316321630612425	-0.6105772010977544	-0.30109259287879886
range_93	1.4794641785572475	1.0025700244616493	0.5212696497251488	0.40778892890886387	1.1900314324130286	0.8527849971064525	-2.1848499774883	-1.9279528875842027	0.5693249067101311
range_94	0.5075431176181218	1.0872570916298037	0.6502872066875922	-0.5640897289719253	1.3950661781231652	-1.538731772513019	2.084016873647654	0.1567385543303923	-0.12803833701126854
range_95	1.3507686678334585	1.3056309760543006	1.0111439894138308	0.14888741968869668	0.3385519813360631	0.8377265284237538	0.6568946445313772	0.969790672403881	0.8008022173344529
range_96	0.8439472868191393	0.5726304331334051	1.271902540953118	0.6074613805974984	0.7387907571694401	0.999944040761392	0.5289676653333484	0.6714917957284803	1.188152301993336
range_97	0.7982489380144175	0.5574885875227287	0.2871470871806203	0.19277805197604292	1.251249137318377	1.0258130700351347	0.16224691296274796	0.7882907880402661	0.568468042778439
range_98	-0.05158481194962383	-1.3959976416571231	-0.42539370984775515	1.1743251606678327	0.2153295630634331	-2.513037062847344	-2.9646062932210473	0.9887053606479184	0.1615127603058577
range_99	0.9450623223342431	0.16727673822525824	-0.5070147543614085	0.22505519677315022	1.0677243920603232	-2.4557038877813913	0.8080361016204007	1.2492768949867712	-2.603802526770524
controlhigh_0	4.381415131111499	0.6645657766698767	-0.42947234620821084	2.0936441192643684	1.1233555478793973	4.012419431083622	3.3330654154275727	0.7547578410945361	-1.3402266703614545
controlhigh_1	0.46828222343336656	4.224115603383136	2.3837430556286296	5.007709972906477	3.9365652406433966	2.3638646846442883	0.4824474560301619	0.29431785921026177	-0.7021330737086673
controlhigh_2	0.21894517770301758	-1.9441035326658953	2.212157098595057	3.7746753167021065	2.9961792778434493	2.6168536219802077	2.3515251591465987	0.5934913984207342	0.10619376292647087
controlhigh_3	0.797620925168393	0.9479748596153927	0.5827906569121437	-2.7081999357383904	0.9636906526583842	-0.27459714815344394	-0.15462004668687412	-0.013273350174829224	-4.306369460823422
controlhigh_4	-2.8713997311056083	3.7730147349392684	5.009778679352221	2.322616481873931	-2.7698124782094578	0.9397898057794161	0.8743597296249732	0.6681286217108762	0.6510644933413998
controlhigh_5	0.7537494778475582	0.6095884776426834	0.49870786276729384	4.994855092128276	6.529287952643498	4.926976207002938	4.222088979676345	2.0272425195595627	0.8415310359398982
controlhigh_6	-0.4380113248352282	-0.08707315589451059	-0.4540282109500857	0.15048837484314181	1.2193091374296323	0.9497822886671055	0.6858297397998767	0.7784918280233113	0.46786692102818805
controlhigh_7	0.5787098113649167	0.941352930378873	0.720380728262388	3.0290457359679017	1.661100189881884	2.6982543652558544	-0.3342403752957208	0.03687530162081942	0.5842669530352718
controlhigh_8	-1.889465228985429	2.5091192447793116	3.809244590439258	0.5312514886704556	2.7549393294951194	-2.5681786170398038	1.3868340182436045	0.01092734101438464	0.9382957546715176
controlhigh_9	0.27032500358846634	4.081324135876063	2.3906448885803577	0.7037467173219671	0.7298394244669624	-3.3123397126102123	0.19919175745059836	-2.960496039818567	-0.07841606908155696
controlhigh_10	1.0965287588232864	1.7439463028172002	1.5100567943147711	2.1300334916841397	1.203179429183692	1.225876182354961	0.736801323574664	0.3814164295229523	0.5113417226037245
controlhigh_11	0.9475438389232169	1.1842893495651545	3.968955358590737	3.3387119785687176	0.36858106232054255	1.0641780055802645	-0.22520938534368695	-2.800839373830078	-3.0536054442100475
controlhigh_12	-0.20945256290198233	-2.381410105434073	1.3483193062427559	3.177919563408815	3.7164133265745853	-1.3539938151523045	2.260674740032952	-1.2144774771730285	-3.014434846929367
controlhigh_13	0.49137164189827964	-0.7871319544094797	-0.22878635550096482	1.1226088078328262	0.7552899959233434	0.9359827070215199	1.1004985418790059	0.4707377751954731	1.2086839568104477
controlhigh_14	0.2712699347276539	-1.3053417378703391	0.8655780795856283	3.403969432616612	5.391152802028983	1.796818199739443	1.974170881619804	2.6880786634061167	-0.1891694269451738
controlhigh_15	2.63378216631906	5.517533001460331	2.7162555248382025	1.9683427150083264	2.8277500592913345	-1.3295201154539071	-2.2786219045275704	1.0344678032439811	0.596412940099466
controlhigh_16	0.8760227380922736	-0.31233971261021387	1.0702231426428155	0.2294829088139585	-3.372583238377567	1.5984712523696472	3.619500484119185	2.957629774886332	1.1269618842374778
controlhigh_17	1.276715228723979	0.3107295660428362	3.3305380471230155	1.781422625639124	0.20585284191501096	0.4297520136727331	-0.12381784952522046	0.8256689279314327	1.159314224506119
controlhigh_18	-2.800839373830078	2.015962522763407	-0.8016563581470952	0.678893587571155	1.804861232143452	0.14469809398771383	-1.770630178112368	0.39563790652950037	-0.9680638910861015
controlhigh_19	2.443393992989156	2.14013677236966	2.6007466685060745	1.9988619756840882	2.298398100149978	-2.5474453083921116	-0.8617083378181716	0.03872643656202812	0.663182162224482
controlhigh_20	0.8057441154858191	-3.5171618328645256	0.408619094150555	5.087986192618167	4.912095805254408	3.4210939717121533	3.666175825397219	-3.560928832192248	1.9941485200932105
controlhigh_21	-0.48004770676113906	0.8858530138549041	-0.09566575479215955	0.9576803633364668	1.037892910275451	-3.1250274815520456	0.49388235109244705	-0.7354524077490419	0.39401935024781154
controlhigh_22	0.290924079614449	1.264689627141298	1.0761758269415262	2.4433811592801735	3.2874040556366833	1.0335808956998191	2.3861195233056485	1.7186374093700245	-0.14252718697516342
controlhigh_23	1.5088737761586117	0.9669233691546302	0.2508859745149048	-1.4478843833220922	-2.7485012182699116	2.119885405691038	1.3449439322802255	-3.661288021431284	0.1566634180439126
controlhigh_24	0.7254856256288387	0.6594354455908367	0.8104259521505919	0.9637107157814537	-3.6725152768545417	-2.768762787220318	0.20835314643537317	-0.7315337703290534	-2.5025902754122296
controlhigh_25	0.6497472526147539	0.609312898232041	0.6870233640467449	0.9191516358178282	0.12369908759786363	2.369709888403195	-0.6925363120808228	0.8480490359081829	0.8045321705753479
controlhigh_26	-0.8717226984360298	1.4055669533249644	0.7942160693544891	3.448874613094775	1.0970982390573314	1.1948676305964983	0.9982214326549264	0.3761294012894043	0.4182712642561086
controlhigh_27	1.1369139228913012	0.8256074113025866	1.4473980604911019	1.1003163579584838	3.1566928380116543	1.9065363201547199	1.2899126800902592	0.0704849035145989	0.06619355177246988
controlhigh_28	0.18317199208956336	0.9361262203361262	4.923674479289874	4.384596855134516	2.263807169554825	3.1374408518220465	0.7234598885310224	0.346124400756594	0.03553035727048237
controlhigh_29	0.9499729661592033	-1.5901023872592572	0.7638399466111105	0.38059605960502396	-0.0855564684433483	1.0106714415404279	0.3614320550687984	0.8044802799684858	-0.3482345544426708
controlhigh_30	0.24595105032205056	0.26102654240188117	0.15191315856200682	3.4156888421966247	3.343947021958517	1.979409613017918	0.6630351589680787	-2.442647734955946	-1.1996958199566998
controlhigh_31	1.2397877460275402	0.1610096265346821	0.6942458441448249	-0.7455875520059096	0.676194347830146	-0.7993272983101531	0.7472654442773587	0.20325338080380662	-0.05698017099069985
controlhigh_32	0.33344737184125983	0.3776009919623091	0.2595058340928882	0.5861218577544245	-0.626455449639163	0.7158370615514829	1.1285143934865067	1.2043844025949524	1.0313990328595095
controlhigh_33	-0.590984822312487	-0.5018343479383807	0.505145373367377	-0.11899347405654992	0.17375394539676514	0.8025957083081308	0.8187810453412212	0.4486110409240516	0.050362709843561726
controlhigh_34	-0.9510357105694991	1.1263695358298327	1.119348044391897	0.502940338012791	1.2384678861276106	0.09653088808489252	-1.5615976755599996	0.017329974946616256	-0.2708982933380175
controlhigh_35	-1.1318544654030125	0.5884117459008975	1.0212387512907821	1.1986460871791904	-0.6332517337078645	0.9495493679827958	0.23197193146872963	0.35188736731644554	0.780732860106218
controlhigh_36	1.1349298390101572	0.7170998768499486	1.038681537900157	1.4665831107549645	1.9231158364790615	1.8356012318358472	1.87703530363011	-1.3372067691878973	-0.4863837090508578
controlhigh_37	-1.4424092335418235	-3.662695529234812	-6.7331339519483E-4	-0.7015989289617541	-3.1531411177609616	-3.3755335390974093	-0.12873393285071333	0.6602985667576198	1.1539665772361378
controlhigh_38	-4.385983268049424	-1.9378866637403165	1.3522942201117287	-2.9021246796549214	-1.2864372303844502	-1.9718560780686045	-2.70419021157033	-2.890106711927169	-1.276450759928142
controlhigh_39	0.31237783075525294	0.5602513230846713	0.3224101662396157	-0.3969742114342434	-1.0787407870576045	0.5863711585155935	-0.5887042178618074	-4.285534426041581	-3.636930378914773
controlhigh_40	-1.0817327145740483	-0.2533993694586021	-3.471216887152716	-2.638567944931202	1.4752558533749947	1.8303118149941346	3.6159663349396816	1.216386272341831	0.690849905947893
controlhigh_41	1.0638736576903132	0.9306272399316369	-0.938128226790109	2.421565350420213	2.1043671510575424	1.7547361004280957	-0.340315320562391	-1.5428113907049645	0.34939903607914435
controlhigh_42	-3.041076095409835	-0.5783784424108676	-1.5390322713802875	-1.769812478209454	-4.153141117760962	-4.375533539097409	-4.785409333260477	-1.2233486773458784	-2.20419021157033
controlhigh_43	1.0191823210629256	-1.6267703867249759	0.877830269306884	3.325165830729331	3.5180508000480124	1.0069609329414944	0.7145281680498441	-0.5851232166684068	-0.5018361222111076
controlhigh_44	1.5988429679221599	2.2180181616768966	0.4807309834411433	0.9815462483223734	1.0333074148082473	0.36523591081720075	0.6806421871359041	0.4933437305743811	0.4805870391168485
controlhigh_45	0.7237458231654206	0.5641131497774998	0.46996661823201724	0.46036698114449437	0.9334784925369866	1.350592657419088	-2.470308674857174	-2.6212899534993657	-4.0346501434442015
controlhigh_46	0.8890712365318889	0.593447061184021	0.4592072707552737	0.8728347117801578	2.776590145119928	3.412839329050918	1.0294635409111221	1.003541772612824	0.6896191404278424
controlhigh_47	0.4187492434427347	2.3257240743082868	1.7344574438968936	1.5506387827994124	3.429359171407148	0.4995330917868481	0.8140313347232351	1.008228249421679	-0.3303147869409153
controlhigh_48	0.5838244764052496	-0.43181999696468565	-0.19034918823160374	2.635406926733234	1.3661547952543958	1.8660781779504367	1.191621915180517	0.19371366716806038	0.12217775336905867
controlhigh_49	-0.36963293765772476	-0.836111822286435	0.9749879998965911	0.48671314653015174	0.3155404615007804	0.8776817113307189	-0.7222786513204349	-4.301532957653629	1.0920297781423633
